Pais|Aceites y grasas|Acuícola y pesquero|Agroindustrial|Agroquímicos|Artesanías|Artículos de hogar oficina hoteles e industrial|Autopartes|Avícola|Azúcar|Banano|Bebidas|Bovino|Cacao y sus derivados|Café|Calzado|Comunicación gráfica y editorial|Cosméticos y productos de aseo|Couriers|Cuero y manufacturas de cuero|Cárnico|Derivados del café|Dotación hospitalaria|Envases/Empaques|Farmacéutico|Flores y plantas vivas|Frutas y hortalizas frescas y procesadas|Instrumentos y aparatos|Joyeria y Bisuteria|Lácteos y sus derivados|Material Promocional|Materiales de construcción|Metalmecánica|Muebles y maderas|Objetos de arte, antigüedades y menajes|Otros agrícola|Otros pecuario|Otros servicios|Papel y cartón|Plástico y caucho|Porcino|Químico|Textiles y Confecciones|Vehículos y otros medios de transporte
Afganistán|0.27564073|0.18441862|0.16080356|0.16909188|0.24640787|0.15357128|0.65983582|0.268224|0.21863458|0.18003143|0.20914672|0.28919241|0.11167127|0.137036|0.30685571|0.057964891|0.24008489|0.26912346|0.14179033|0.31204206|0.15602857|0.2092534|0.20745806|0.11647619|0.56068838|0.16213912|0.11403087|0.24022895|0.26952618|0.17835566|0.59921134|0.10632935|0.16219178|0.13384598|0.19685006|0.24108182|0.25824064|0.20898095|0.13599008|0.32954425|0.10673326|0.38623601|0.10172337
Albania|0.42999947|0.37964526|0.26006967|0.46827471|0.37816817|0.31492051|0.3106848|0.47445148|0.623555|0.71694207|0.40998235|0.42531556|0.16345939|0.57220089|0.37500858|0.42928475|0.71774602|0.60029036|0.66434616|0.49426138|0.29843163|0.52433932|0.34031981|0.35720909|0.23517258|0.35591042|0.26994151|0.38745812|0.45695424|0.31821671|0.31559923|0.24967243|0.31473958|0.46217102|0.34266046|0.40029791|0.53614473|0.4349193|0.55543697|0.47600555|0.29639217|0.33143297|0.41380888
Alemania|0.76958734|0.70468557|0.52549058|0.48209834|0.75251698|0.6236124|0.56822604|0.17679922|0.8047244|0.88807827|0.69891596|0.25521597|0.72882098|0.8481766|0.6560967|0.65831882|0.67095256|0.39120805|0.64330131|0.37536705|0.7022661|0.53549087|0.77450156|0.47408637|0.54394513|0.80548859|0.51471514|0.63108277|0.20263916|0.53438413|0.5433743|0.59191203|0.6016832|0.64341563|0.62605798|0.76791745|0.9822551|0.65029544|0.52672058|0.46518868|0.56491262|0.62647331|0.59352052
Andorra|0.5028199|0.45196337|0.34690654|0.4365589|0.46212548|0.42613664|0.41712779|0.57218254|0.41482252|0.44839185|0.49322304|0.50351053|0.36980546|0.36057925|0.53294349|0.47158289|0.486646|0.69496059|0.41701233|0.58303165|0.38217378|0.46583217|0.65520889|0.42391783|0.31764358|0.44329089|0.32104683|0.50651658|0.56426096|0.46146667|0.68449122|0.33484131|0.42174149|0.44712439|0.48827505|0.50524306|0.61791456|0.45077869|0.38613683|0.58066607|0.37813807|0.3905921|0.3837086
Angola|0.37637788|0.25059262|0.71431458|0.28803119|0.25688493|0.55131072|0.6135869|0.37666669|0.58252674|0.24293989|0.22330338|0.73403287|0.41879365|0.03655158|0.83561826|0.025247497|0.38784599|0.46751231|0.23957306|0.2344754|0.19871618|0.32308328|0.58879447|0.29802421|0.16310836|0.17309511|0.52705818|0.24319166|0.36649531|0.28046551|0.37574095|0.6287787|0.23303694|0.35833052|0.7601378|0.32362443|0.45762652|0.34114626|0.58502626|0.30965874|0.42029136|0.55734968|0.26074246
Anguila|0.54213244|0.48555648|0.40181679|0.49025881|0.49278712|0.65437466|0.44656181|0.62935561|0.40995905|0.51864159|0.54057842|0.58497775|0.34706753|0.36396375|0.5672524|0.55554253|0.51878631|0.78828907|0.47285676|0.63340944|0.42281771|0.46265465|0.62856722|0.4311474|0.38597077|0.49199116|0.44244727|0.55630767|0.59916878|0.51523918|0.70593572|0.36384964|0.70541471|0.5086531|0.54726934|0.54279029|0.65184784|0.54600185|0.58903241|0.64592904|0.4403187|0.61593819|0.47337002
Antigua y Barbuda|0.69429421|0.37288439|0.63713664|0.43983036|0.59297448|0.70294845|0.39917892|0.56088209|0.79240322|0.41104311|0.50260949|0.45643166|0.5942151|0.24104503|0.78369951|0.55858886|0.48356238|0.71242249|0.76174861|0.59825569|0.58593726|0.63770115|0.72719049|0.40247443|0.50421226|0.38739836|0.78273022|0.58652544|0.58200902|0.47166407|0.7140038|0.48315531|0.68887126|0.45175129|0.47566283|0.41391277|0.6360842|0.51315796|0.60912246|0.54533923|0.65054071|0.64628464|0.75257015
Arabia Saudita|0.54598463|0.081836566|0.4342837|0.089190051|0.50783712|0.54469353|0.54931283|0.10153656|0.26954845|0.57599866|0.14615753|0.84452569|0.47586066|0.7169565|0.13739026|0.29532361|0.54627317|0.15760463|0.20220514|0.15090129|0.54387283|0.1100339|0.23611026|0.45049119|0.44173449|0.62777412|0.49225372|0.57300359|0.12081286|0.54849362|0.43681991|0.65631437|0.63453197|0.59081084|0.62289906|0.058441542|0.16230401|0.067212962|0.2977128|0.41794369|0.4840132|0.57050431|0.34293187
Argelia|0.71656841|0.3111788|0.24486446|0.23112407|0.30667704|0.3083421|0.65362442|0.43404114|0.52499831|0.79377913|0.39363855|0.36241394|0.19910377|0.47651148|0.41698945|0.16366069|0.35263211|0.56506526|0.31448725|0.3786124|0.26989228|0.35762525|0.49936864|0.34092444|0.22507684|0.21575662|0.58626169|0.30502048|0.41986501|0.33804679|0.46286976|0.52269292|0.3230024|0.34510183|0.76742041|0.31146127|0.47007382|0.39593834|0.56631446|0.3009901|0.70799696|0.21190971|0.31828764
Argentina|0.80608261|0.40327436|0.73045051|0.77418029|0.83197892|0.81078655|0.79158831|0.51898307|0.37667301|0.78833264|0.63615847|0.46393192|0.6907962|0.72842908|0.72732943|0.7299422|0.73210227|0.74236083|0.69000959|0.55356991|0.77042365|0.82126564|0.82204068|0.66301817|0.70206356|0.74375904|0.7555083|0.81555009|0.50107324|0.73174441|0.65303165|0.66100037|0.7360155|0.76549804|0.7895149|0.72236925|0.56031972|0.88769102|0.87470174|0.61297482|0.79979384|0.74695408|0.81076986
Armenia|0.14628688|0.10965392|0.078978226|0.50523162|0.14633544|0.097798407|0.081253111|0.13246858|0.13785571|0.11839285|0.09862604|0.14642407|0.20796853|0.25659001|0.17039737|0.22765514|0.12225762|0.18320201|0.087248228|0.1630107|0.078654543|0.10386889|0.68985236|0.080899633|0.11068328|0.19849029|0.07568635|0.13722701|0.14949659|0.47901589|0.074004754|0.061619796|0.11469574|0.093992412|0.10659841|0.11383057|0.18452689|0.083674595|0.071589656|0.34150726|0.075556159|0.060907282|0.088249668
Aruba|0.75497317|0.7798335|0.72624516|0.51368415|0.74913788|0.81427944|0.75845009|0.78246254|0.81825197|0.84580749|0.88500202|0.58106017|0.73970711|0.61230755|0.8141014|0.77518731|0.81410575|0.69170523|0.70711815|0.8180654|0.69342828|0.77289116|0.7821219|0.59780765|0.71303988|0.86707544|0.65114838|0.75115871|0.92306781|0.8448894|0.75767922|0.6944108|0.82210654|0.71745777|0.91799486|0.77215314|0.83073294|0.7788347|0.71286273|0.66193366|0.73197538|0.72177315|0.64353842
Australia|0.65011334|0.18112192|0.55900252|0.65531033|0.68052626|0.58104253|0.53742462|0.24204665|0.70579064|0.59326303|0.78218734|0.25220674|0.50349569|0.75907934|0.62772334|0.18842641|0.58397901|0.30273259|0.58105242|0.26618463|0.66333199|0.47329092|0.58228278|0.59446335|0.7272355|0.7258572|0.39249921|0.621512|0.16538818|0.80835557|0.414397|0.44354162|0.54371655|0.72464526|0.63612735|0.14160445|0.68860096|0.55458891|0.42149317|0.260903|0.59246969|0.46566147|0.58550256
Austria|0.59314489|0.60549819|0.60539424|0.61068934|0.52890766|0.42983705|0.7247858|0.31802994|0.16655877|0.53100348|0.37856746|0.24226825|0.40354308|0.52033168|0.25924158|0.32186428|0.21518561|0.38245732|0.5236147|0.35986042|0.50176805|0.33826438|0.41519645|0.26444143|0.61320573|0.50195074|0.59804219|0.71674758|0.20579696|0.55685526|0.44652849|0.55763572|0.35172465|0.68253064|0.27012783|0.189235|0.23142797|0.6133365|0.24979669|0.45812893|0.40049589|0.39424872|0.51725495
Azerbaiyán|0.13945325|0.10017663|0.070150673|0.11114277|0.13256741|0.089683257|0.48830202|0.12571895|0.21282366|0.11329655|0.1205401|0.13468851|0.094407067|0.10390617|0.1560429|0.099062763|0.11684319|0.17897925|0.081962928|0.14422759|0.071194872|0.12562297|0.10739115|0.58833998|0.54112029|0.111965|0.20860253|0.11975782|0.13901094|0.10073875|0.28094095|0.37778586|0.11081193|0.090091839|0.10111947|0.068457216|0.17905012|0.12262738|0.049546294|0.19481879|0.070977002|0.07683403|0.091251045
Bahamas|0.71292353|0.31780988|0.41962424|0.818295|0.63936013|0.62743145|0.61867559|0.46449795|0.82714957|0.34951898|0.41688839|0.50069594|0.25114498|0.41860181|0.7200315|0.16972911|0.69042015|0.5686999|0.67414695|0.57830852|0.29150757|0.55769008|0.63188243|0.6389975|0.55770582|0.36435509|0.72784221|0.70778608|0.52988511|0.3566134|0.70125675|0.55381626|0.6139431|0.40258199|0.38202727|0.38880444|0.50893599|0.40308213|0.5028435|0.53640157|0.6245296|0.70186013|0.64681137
Bahréin|0.067945331|0.043872535|0.39287978|0.041534379|0.064127609|0.52927017|0.035248302|0.05720884|0.66243589|0.4817068|0.050816268|0.060800463|0.51976353|0.54362822|0.084584773|0.27588934|0.065236516|0.08489956|0.026653294|0.0057119476|0.34685153|0.060816832|0.22431684|0.52327156|0.5641886|0.56951159|0.041975725|0.071559548|0.066035241|0.046041742|0.034328829|0.20593834|0.058481164|0.033105865|0.028437179|0.029435977|0.10156135|0.041503008|0.23720552|0.0053952215|0.31602687|0.45846424|0.039505433
Bangladesh|0.19527477|0.12985805|0.09757594|0.182391|0.123256|0.094508715|0.64088207|0.18285567|0.090251952|0.1562572|0.1662482|0.12125996|0.017243329|0.0|0.11173053|0.014926083|0.15670294|0.28767377|0.10533171|0.17381924|0.29487148|0.15108469|0.088522166|0.11961214|0.097504109|0.12651564|0.1107264|0.13088572|0.15242861|0.10927527|0.13105775|0.72100461|0.71954244|0.24539837|0.17517368|0.15938157|0.14798647|0.11953898|0.06773521|0.089382857|0.36781514|0.28925142|0.12499833
Barbados|0.5288707|0.35439098|0.6956861|0.75732625|0.66902018|0.78897721|0.81166637|0.46173179|0.77175355|0.3630622|0.55972439|0.46044695|0.66476172|0.25382113|0.73686731|0.7991513|0.68003833|0.64737213|0.68017447|0.42002481|0.6127007|0.65877259|0.76326585|0.73166597|0.24879193|0.6896044|0.72120202|0.39495581|0.46063286|0.6884591|0.73009205|0.64698684|0.67065465|0.46506476|0.4099938|0.41054833|0.53019589|0.78742039|0.69986534|0.44894049|0.67100704|0.71501017|0.67076421
Belice|0.33263803|0.25388202|0.57017833|0.64881194|0.30947328|0.69351798|0.55383456|0.35412991|0.56332546|0.25036427|0.3329899|0.34037203|0.71061099|0.22887528|0.59038776|0.54907995|0.64320087|0.44755083|0.24283262|0.407204|0.60096282|0.63394439|0.60141766|0.73690957|0.42629135|0.35301268|0.70376545|0.28597656|0.3834103|0.26412731|0.56476259|0.62561512|0.62836695|0.35467845|0.51562935|0.29209721|0.41837358|0.32513437|0.64908952|0.51304454|0.63990444|0.45464319|0.60117161
Benín|0.4262338|0.38248992|0.64578909|0.3811433|0.38120806|0.35024649|0.71795684|0.47754633|0.31765848|0.37611568|0.42807871|0.38415337|0.16704795|0.20222306|0.46612805|0.47474429|0.40734017|0.61048818|0.66003728|0.45741445|0.31603676|0.39577192|0.64791751|0.37670833|0.26212582|0.36035353|0.28904513|0.40953529|0.46414229|0.39546019|0.61879945|0.28002611|0.34775841|0.471549|0.5364731|0.39717409|0.54866731|0.44204217|0.328255|0.26741403|0.33851194|0.3018539|0.35720515
Bermudas|0.29122725|0.22793666|0.14969474|0.24436823|0.26076227|0.42001599|0.20528725|0.29970971|0.25494471|0.23812301|0.29988217|0.33690098|0.24800481|0.35052648|0.3161296|0.63410079|0.26820582|0.36552995|0.63412237|0.38964108|0.17179351|0.23144239|0.54775846|0.22412343|0.13719332|0.22353685|0.47325158|0.25608206|0.33611649|0.2152046|0.6617471|0.53824908|0.5632782|0.19655085|0.247412|0.25863716|0.34632626|0.25470784|0.15720952|0.60682988|0.18456253|0.37915552|0.25705296
Bielorrusia|0.19213308|0.15116611|0.10036966|0.1030174|0.19882932|0.12104997|0.10695812|0.17404033|0.20665053|0.59655559|0.19007289|0.26412454|0.25917876|0.32099548|0.22842604|0.28913325|0.17556426|0.25550359|0.12409684|0.23016749|0.11343683|0.13508461|0.12719899|0.17796545|0.62743932|0.4129627|0.093671143|0.20033604|0.2193276|0.15157741|0.084552571|0.076012686|0.55538869|0.12817839|0.15274453|0.17473917|0.26119232|0.1881803|0.082898378|0.28632408|0.053963579|0.092376612|0.14685935
Bolivia|0.70749104|0.61356127|0.70812726|0.79068679|0.78807151|0.83435404|0.81773031|0.63940912|0.46004596|0.52442932|0.81345248|0.53939348|0.77804053|0.41481262|0.86104524|0.84253901|0.82993603|0.80217522|0.72387952|0.64841777|0.69862902|0.87583452|0.75963533|0.8783406|0.58585382|0.65724528|0.81856835|0.89900029|0.53586972|0.77934885|0.76568025|0.79340398|0.79214001|0.74600017|0.75695133|0.74222994|0.85589814|0.83058375|0.85012591|0.64018577|0.87526983|0.79663706|0.86040783
Bosnia|0.3293469|0.27038988|0.20002054|0.26033813|0.26460317|0.19111674|0.19552642|0.32557026|0.60893816|0.25765955|0.26221648|0.29583794|0.23535587|0.19904464|0.19255577|0.14630437|0.265365|0.41566142|0.14985155|0.21491918|0.20870572|0.16882306|0.23050711|0.21338975|0.6792295|0.27654719|0.19150782|0.25965345|0.3435154|0.18531439|0.19031581|0.14066093|0.18112826|0.33225197|0.28911576|0.26762965|0.39751962|0.30967546|0.1491864|0.23067965|0.16485864|0.11348732|0.18812928
Botsuana|0.2722736|0.23137946|0.16471204|0.2217077|0.61321038|0.59471244|0.20931835|0.28983104|0.086469248|0.23194218|0.28284514|0.25807846|0.20299363|0.29774049|0.67899466|0.38263673|0.20093253|0.34120756|0.17939314|0.2825641|0.16228202|0.25246748|0.2484737|0.23466597|0.1306947|0.2337507|0.42599291|0.31126961|0.31654674|0.2272138|0.41824952|0.30204695|0.48624682|0.67838699|0.24458578|0.28039968|0.35631233|0.26733863|0.18823618|0.39315912|0.1922742|0.52855533|0.20174667
Brasil|1.0|0.68225044|0.60879165|0.88188016|0.8893497|0.8235805|0.74094558|0.50839937|0.34275824|0.49262851|0.66652656|0.56641662|0.49372217|0.38474676|0.72341812|0.7425018|0.70811057|0.77155411|0.75583822|0.57094115|0.63780582|0.79535973|0.69484293|0.77427393|0.71930784|0.67902488|0.77425015|0.67708719|0.55365026|0.79847968|0.72621465|0.84480947|0.64202011|0.78576195|0.72017115|0.89185727|0.60032308|0.83349335|1.0|0.6355679|0.88080108|0.69601572|0.62026876
Brunéi|0.14300498|0.11243887|0.094128087|0.093440682|0.16854045|0.45683217|0.57274657|0.1166966|0.17043576|0.10570621|0.17493697|0.13899918|0.15185103|0.091256|0.11494894|0.15962675|0.14029543|0.15313993|0.069383092|0.1944117|0.067019381|0.11896625|0.13616034|0.093006089|0.052833691|0.14424261|0.45663214|0.16805804|0.18384865|0.063941397|0.16502827|0.3508482|0.094678476|0.073582329|0.086047389|0.13777015|0.15791941|0.10321523|0.43703499|0.2075018|0.085600868|0.088737294|0.074163258
Bulgaria|0.23140964|0.65061295|0.34378731|0.54409069|0.45490497|0.49147213|0.13593507|0.22300652|0.62031883|0.33319271|0.19931595|0.1595521|0.24479482|0.51638347|0.20981686|0.40847826|0.15971181|0.29226393|0.49123907|0.27273515|0.55194008|0.16280618|0.15405697|0.14089869|0.55416697|0.47051167|0.10791834|0.27543017|0.2510877|0.50673306|0.11600997|0.29019013|0.42486948|0.25505421|0.13609521|0.23802428|0.20892766|0.22795428|0.402621|0.37218556|0.13209619|0.54594052|0.12035991
Burkina Faso|0.44613189|0.39662459|0.62096632|0.39006805|0.39534134|0.37288719|0.38035738|0.49728316|0.33192778|0.3876819|0.44259942|0.40161443|0.19236034|0.22445647|0.48092818|0.4862085|0.42165464|0.62492216|0.35941574|0.48001188|0.32992703|0.40743399|0.37533697|0.38531893|0.27322602|0.32153437|0.33633789|0.42923409|0.47571594|0.41007107|0.34135354|0.35815775|0.36472714|0.39809728|0.43330762|0.41687641|0.56390381|0.45411783|0.34508577|0.29236871|0.35036665|0.31604204|0.45578107
Burundi|0.23861682|0.17663276|0.14025491|0.22462048|0.19502431|0.15681492|0.19990881|0.23581818|0.049097992|0.20056736|0.20600834|0.27046666|0.12018663|0.064121172|0.28445467|0.34729853|0.17278257|0.33642405|0.16425475|0.20063379|0.14664234|0.25824326|0.14961657|0.2313215|0.11848405|0.15693279|0.17262824|0.16231048|0.15612324|0.19516687|0.17727642|0.64406121|0.19071691|0.16164902|0.2071591|0.14907044|0.33973938|0.23943384|0.19116345|0.17427418|0.19590881|0.12565656|0.19492163
Bután|0.16221371|0.12552066|0.082640328|0.1217566|0.18231578|0.11232772|0.11550681|0.15165281|0.11881533|0.1387662|0.090229392|0.16598339|0.069149442|0.071868062|0.17771336|0.20351794|0.1534957|0.19922513|0.097109243|0.22391252|0.091276646|0.14816758|0.12372701|0.096154019|0.069978692|0.14131244|0.082465865|0.15478252|0.17148972|0.120774|0.094055906|0.067152895|0.12806252|0.10485576|0.12371637|0.13359702|0.21581763|0.12876438|0.039420046|0.19136527|0.095715977|0.097415313|0.094111621
Bélgica|0.57147235|0.61712432|0.53653061|0.5839566|0.65362012|0.60862559|0.67421269|0.35073525|0.77564168|0.90183055|0.67531443|0.29221559|0.80762792|0.85170698|0.59725761|0.71057314|0.37832996|0.42263722|0.54542017|0.39274815|0.71753567|0.64774746|0.55225623|0.54191923|0.41915932|0.73113489|0.61015648|0.52696645|0.23342262|0.72886574|0.55861354|0.61188275|0.50234002|0.39429334|0.68481654|0.19532968|0.40411389|0.57902187|0.57941675|0.32234442|0.49628282|0.46158725|0.5103932
Cabo Verde|0.506199|0.32466912|0.67345041|0.41372341|0.35745484|0.49749237|0.35668048|0.54105848|0.72683144|0.45389399|0.3904064|0.47559616|0.42555341|0.32871008|0.46317381|0.5330534|0.43992811|0.64204359|0.36276099|0.55788338|0.33352074|0.47650522|0.45725691|0.39349774|0.28790081|0.43988264|0.32687724|0.390414|0.54962265|0.42383224|0.56137896|0.36740667|0.37894171|0.41698113|0.45343655|0.48640674|0.62690568|0.47400206|0.3805477|0.49551749|0.35735437|0.31274918|0.39757204
Camboya|0.22733855|0.17327639|0.45067197|0.20199323|0.16505235|0.13438693|0.1442674|0.22005169|0.18031782|0.18558764|0.22653767|0.23870288|0.15901288|0.54982126|0.16160697|0.16673264|0.23481162|0.29603431|0.50229263|0.25899699|0.13004208|0.2204634|0.14666083|0.52793634|0.10752188|0.53873181|0.13312133|0.18261938|0.25461444|0.1309568|0.13440701|0.11238678|0.15095246|0.17007072|0.20200573|0.21419719|0.30485874|0.5640018|0.13011687|0.21723203|0.12406926|0.36836916|0.11451384
Camerún|0.36595261|0.30742478|0.40594876|0.74998635|0.23904461|0.38552874|0.58924848|0.45802939|0.19730893|0.32195422|0.36836165|0.38815188|0.10454936|0.11798707|0.3977083|0.45055196|0.34212035|0.58747303|0.30458584|0.44332904|0.25907269|0.3621147|0.51786834|0.61846554|0.21553865|0.28651643|0.57006383|0.26929903|0.39979723|0.65425599|0.23976001|0.73258078|0.25493595|0.42744532|0.31297988|0.33546138|0.45162928|0.39184147|0.50704187|0.29823777|0.24949957|0.20222306|0.36008835
Canadá|0.72456408|0.7870872|0.62420225|0.72112215|0.62548554|0.5712378|0.69775832|0.19634461|0.78618276|0.6855579|0.73828536|0.60061955|0.62425864|0.87960857|0.69575453|0.66587943|0.6025117|0.45087862|0.74728537|0.20489033|0.73955524|0.61166352|0.67105234|0.64336771|0.79187548|0.73659474|0.68370754|0.60507077|0.70304817|0.7044276|0.60717237|0.56626159|0.62356883|0.74280012|0.82107878|0.74635053|0.28140974|0.59678566|0.54824835|0.52291083|0.59537143|0.74363041|0.57089961
Chad|0.33977768|0.27993739|0.2277267|0.31142288|0.25377855|0.26642331|0.24629849|0.43069422|0.16002464|0.29556388|0.32994902|0.34357077|0.086379334|0.094151996|0.36605158|0.41888672|0.31572777|0.54941183|0.27223381|0.39956284|0.23908828|0.32630351|0.32637858|0.28873861|0.19289911|0.25940275|0.66339612|0.23632619|0.39555705|0.28856808|0.26317519|0.52616072|0.27514946|0.28348947|0.3185623|0.30473611|0.41500932|0.38887101|0.49544728|0.24989223|0.2580232|0.21805134|0.27555954
Chile|0.8235321|0.72936094|0.84125185|0.85175133|0.77386272|0.87193418|0.87863076|0.53232259|0.94965553|0.77811015|0.86965322|0.94379997|0.90653008|0.74475503|0.86494422|0.93474638|0.97309911|0.76791382|0.75190711|0.76772529|0.84974456|0.92955816|0.87261224|0.88239193|0.80081886|0.76045465|0.83952546|0.94570899|0.76936644|0.85665596|0.76992786|0.83201039|0.85531902|0.80397999|0.83463371|0.64295495|0.96758181|0.77031404|0.86316681|0.55302709|0.83461225|0.85451186|0.78934717
China|0.67865598|0.64415693|0.24963945|0.55184937|0.32620516|0.34644973|0.41306043|0.68083179|0.46833682|0.60726988|0.51795685|0.72137344|0.44068527|0.7319296|0.43871495|0.10587286|0.39088655|0.1911177|0.40691885|0.11819616|0.7336539|0.5047586|0.44472799|0.45949501|0.63575041|0.47893137|0.329629|0.47906592|0.14527634|0.38241315|0.25906986|0.43121505|0.62039316|0.45475769|0.50542551|0.60301298|0.015965102|0.59188449|0.4317672|0.12276267|0.6061492|0.4283883|0.42591473
Chipre|0.21792628|0.48155105|0.12847289|0.18592736|0.47673699|0.40372327|0.14726171|0.20427629|0.10213242|0.50439334|0.25409478|0.13185625|0.27437019|0.59257501|0.27082008|0.28242564|0.22862342|0.26627487|0.26904181|0.24558908|0.37926579|0.15392902|0.20306629|0.1302619|0.46894008|0.53573573|0.31517774|0.56182998|0.22674233|0.17127988|0.57136416|0.3158747|0.51345783|0.24191342|0.18463519|0.2111052|0.28448406|0.14110081|0.16321805|0.32640743|0.11995759|0.43711233|0.16374597
Comoras|0.34623396|0.26369447|0.52837569|0.27389473|0.27766946|0.23032385|0.22185636|0.36231083|0.33977598|0.26847991|0.28619653|0.33398741|0.063653335|0.060965955|0.29670161|0.08869011|0.30570373|0.4542805|0.21417364|0.33255106|0.2054328|0.28664109|0.2389746|0.26153538|0.15027994|0.26240307|0.17852318|0.25327361|0.38679245|0.26830652|0.21975085|0.13605693|0.24791303|0.22892687|0.23510012|0.30755243|0.4113403|0.32206425|0.089382574|0.16707531|0.12871395|0.16762136|0.22392574
Congo|0.35987169|0.33494145|0.33078569|0.31509304|0.34888119|0.32665765|0.43882012|0.41872343|0.25861681|0.33659708|0.38724935|0.51774704|0.1327944|0.16893426|0.4270466|0.43238592|0.35950199|0.5404591|0.3184526|0.46627259|0.3851223|0.33020443|0.29779285|0.30437732|0.19901994|0.31199971|0.34618229|0.36418408|0.42948711|0.34338012|0.29675689|0.34793359|0.2879293|0.30870825|0.47874677|0.36490521|0.49069455|0.3777608|0.2686564|0.19850902|0.27518305|0.25437206|0.29742011
Corea del Sur|0.70112175|0.67787606|0.46137097|0.7440207|0.5668177|0.56246448|0.52890211|0.33539647|0.65369105|0.76466119|0.60752177|0.72424042|0.5706659|0.79595923|0.26690781|0.13921809|0.63552409|0.41276348|0.62974811|0.37207195|0.76560128|0.62515676|0.48769692|0.5719533|0.73393345|0.58909833|0.57450938|0.21262215|0.35930109|0.70122445|0.41122422|0.72394669|0.57050478|0.61126184|0.55177104|0.76342195|0.26752627|0.69773459|0.42868644|0.30393964|0.46227565|0.53537619|0.46201834
Costa Rica|0.77298701|0.65623039|0.86855984|0.8144182|0.85304093|0.88835073|0.79486775|0.59221935|0.67630112|0.73546439|0.88026559|0.57590747|0.8661536|0.52684486|0.92641366|0.88448834|0.90431845|0.71934783|0.78034979|0.54636669|0.75682306|0.72357553|0.86224973|0.84001297|0.61632901|0.85250509|0.7940371|0.81886971|0.73933178|0.86132288|0.77571225|0.74360657|0.7975105|0.69548458|0.80551493|0.82010698|0.92955732|0.91247851|0.83021128|0.56208748|0.92438436|0.894382|0.83531684
Costa de Marfil|0.45470661|0.30421761|0.68523431|0.69375765|0.54885483|0.53209609|0.70739555|0.51120687|0.69653666|0.39617532|0.45127979|0.78960633|0.45967677|0.49895841|0.49260792|0.63691741|0.58103365|0.6387499|0.37344426|0.49129063|0.34353316|0.58925879|0.60488963|0.36408955|0.28404632|0.39125383|0.6481778|0.45136529|0.49795228|0.5629971|0.62713766|0.72820073|0.47303766|0.5049696|0.44541395|0.44175807|0.57597709|0.72037345|0.61340398|0.79525614|0.63376975|0.56149024|0.66164994
Croacia|0.58477032|0.53323579|0.47446811|0.52969766|0.57085258|0.55747789|0.58614349|0.66032022|0.59275103|0.64309371|0.57391775|0.62512666|0.4727124|0.48938096|0.60620826|0.58954769|0.57570308|0.83701372|0.5176183|0.6726135|0.47406942|0.56983358|0.53349644|0.60826671|0.51082695|0.57258523|0.58283913|0.59142286|0.63142157|0.57627708|0.5267604|0.54897201|0.52060318|0.55645239|0.59228855|0.58195275|0.73519772|0.6065892|0.51071405|0.670775|0.5304696|0.53847992|0.53496426
Cuba|0.85044765|0.53622079|0.79044056|0.80914748|0.79617286|0.91057491|0.86144197|0.62511438|0.4477461|0.76178491|0.5964542|0.57268691|0.61557949|0.42695606|0.82861447|0.81820977|0.87624317|0.92198002|0.78485602|0.73521638|0.62836719|0.77680278|0.74206626|0.71599382|0.38920572|0.83532691|0.71813917|0.76044357|0.81964779|0.80490839|0.76166129|0.75390649|0.73282701|0.58026975|0.87902063|0.5347842|0.68159539|0.80548692|0.73551118|0.72639489|0.75833082|0.80475855|0.68358964
Dinamarca|0.20759657|0.51946801|0.29242492|0.49439478|0.55555683|0.60527134|0.49516654|0.18961631|0.34905544|0.69186854|0.40197122|0.26118603|0.28403068|0.71210372|0.29083052|0.37558597|0.40378973|0.39474592|0.54930311|0.22111005|0.66751659|0.50096166|0.43610126|0.53356749|0.21892637|0.66407049|0.55182481|0.33672538|0.21257958|0.16426927|0.45936334|0.45846808|0.41243935|0.25809911|0.57747459|0.64964199|0.38082707|0.20545872|0.33119202|0.28040931|0.39232457|0.20915529|0.55859131
Dominica|0.85686433|0.36725762|0.59449577|0.42899024|0.5960536|0.71080077|0.42956325|0.50016147|0.75959307|0.37306076|0.40649307|0.53630495|0.69427139|0.157506|0.76404124|0.57185245|0.63948852|0.66852617|0.77096283|0.57529533|0.7497617|0.682374|0.71908879|0.39972639|0.25915265|0.51681048|0.65807843|0.43929714|0.56125355|0.54104358|0.64908409|0.62267125|0.65624058|0.43042913|0.46389586|0.41963708|0.58433062|0.73691189|0.31218812|0.55018759|0.74637711|0.59013373|0.545488
Ecuador|0.97885311|0.7000469|1.0|1.0|0.88134158|0.99165082|0.99697828|1.0|0.85493433|0.63669348|1.0|0.8542372|0.95145929|0.60306084|0.95448506|0.93889356|0.98104179|1.0|0.84117651|0.95135063|0.8375479|1.0|0.97085381|1.0|0.75087506|0.76401901|1.0|0.92440569|0.88234925|1.0|0.93128037|1.0|0.86253214|0.82403636|0.9028787|0.75712311|0.86974072|1.0|0.92285931|0.66565102|0.98913169|0.95771748|1.0
Egipto|0.02839208|0.0|0.13212922|0.0079400642|0.15430424|0.18009476|0.28684175|0.0030747808|0.2385807|0.16380022|0.0|0.93950683|0.45287475|0.62243271|0.0|0.085185185|0.0|0.0071336357|0.19243276|0.052141868|0.15928021|0.0|0.44905496|0.33089563|0.030083064|0.0|0.38596797|0.0050342381|0.0|0.45501727|0.076986566|0.16378094|0.37513721|0.02478859|0.4214575|0.48952156|0.038827162|0.22160695|0.21980196|0.20468143|0.13616696|0.17607176|0.31297836
El Salvador|0.65551913|0.6972934|0.81675589|0.72828114|0.818115|0.93071622|0.90087652|0.54860818|0.42932767|0.64985728|0.71472263|0.50715059|0.78746045|0.31799677|0.80496538|0.80371535|0.79897559|0.65853441|0.7991941|0.50056171|0.74249768|0.84578115|0.80007243|0.86621594|0.57119668|0.78128296|0.76889312|0.77243865|0.47226295|0.78669369|0.81767583|0.80535638|0.83813298|0.55225056|0.81133533|0.62375003|0.59121531|0.87416786|0.78992712|0.48177338|0.85445571|0.6822359|0.78347456
Emiratos Árabes Unidos|0.59927702|0.44625258|0.44149306|0.35209852|0.49554867|0.29323107|0.51828361|0.70618898|0.548244|0.58991092|0.27391055|0.79659468|0.53910029|0.69642138|0.64117396|0.58260697|0.61276412|0.1068279|0.43999615|0.6995886|0.47021323|0.55330652|0.092123926|0.49407738|0.6316995|0.66088367|0.47963661|0.61461478|0.64862514|0.596789|0.30317041|0.51992828|0.5820803|0.53422761|0.59653652|0.49907869|0.11524668|0.22517589|0.25896463|0.02493643|0.27180359|0.5864284|0.36379227
Eritrea|0.38710946|0.31414977|0.25465435|0.32069582|0.35454535|0.27613056|0.27498716|0.40859437|0.31415784|0.31158233|0.36538172|0.39851138|0.27960229|0.23789608|0.41336656|0.21380311|0.36631|0.51919997|0.28800595|0.45405209|0.25223792|0.30330169|0.33693314|0.31111759|0.20186114|0.31823084|0.24819882|0.37077153|0.43287355|0.32450423|0.30907282|0.2224806|0.29132313|0.29238099|0.35309786|0.3612217|0.48034731|0.37477317|0.27904159|0.43351144|0.28164494|0.23477395|0.29459918
Eslovaquia|0.45870221|0.75841796|0.32767618|0.16289023|0.77761066|0.14686786|0.35006121|0.28688276|0.14637011|0.65527642|0.29644907|0.20234667|0.67598605|0.52372372|0.26234093|0.34110683|0.19168612|0.35073769|0.49775192|0.32583791|0.4539445|0.20271192|0.42710003|0.18109505|0.59036523|0.24657354|0.38302833|0.20979545|0.3096188|0.15648723|0.14059365|0.15416482|0.15887684|0.18997192|0.15718536|0.84580088|0.36501187|0.175182|0.14298584|0.42729419|0.14554742|0.14334311|0.11726356
Eslovenia|0.30664736|0.49663275|0.31333315|0.19665405|0.26780856|0.16642135|0.33103818|0.31154102|0.56787586|0.77506155|0.31309497|0.23563519|0.30780458|0.68321967|0.28037649|0.34440687|0.21899307|0.37507004|0.20947239|0.35333684|0.1854735|0.31235069|0.18760127|0.18438601|0.50729209|0.60377002|0.19837001|0.23160324|0.32884729|0.13481346|0.14451125|0.11924364|0.45370087|0.20359021|0.26607114|0.3017396|0.37400568|0.57447553|0.24034095|0.4544718|0.4161385|0.28644598|0.48281324
España|0.93033153|0.72551429|0.74084979|0.60476005|0.91482639|0.64121795|0.66926956|0.21161819|0.68780208|0.86528504|0.83282113|0.16307196|0.63055563|0.8091464|0.61820173|0.64968812|0.69394928|0.46144032|0.59027153|0.82503945|0.63370389|0.65581274|0.59775388|0.58382791|0.76194859|0.87799001|0.53748584|0.69083548|0.70611489|0.69682121|0.5890075|0.66379976|0.52635413|0.73132145|0.7356438|0.69021529|0.72146308|0.68623197|0.66144204|0.34716123|0.68011987|0.59973884|0.65557534
Estados Unidos|0.85343295|1.0|0.92375767|0.70605135|1.0|0.92420483|1.0|0.73813152|1.0|1.0|0.93125486|0.6929791|0.93602931|1.0|1.0|0.91215968|0.85002536|0.97751486|1.0|0.84772998|1.0|0.90998125|1.0|0.56851983|1.0|0.95304871|0.94788682|0.87758934|0.89018995|0.96085322|1.0|0.81211436|1.0|1.0|1.0|1.0|1.0|0.79112571|0.76257133|0.29537889|0.66344953|1.0|0.84205616
Estonia|0.25654966|0.64711267|0.48929742|0.16000302|0.66062987|0.29917127|0.15026852|0.2534917|0.28172457|0.2033439|0.70495909|0.18497944|0.75410205|0.67952156|0.31316671|0.42519861|0.20819046|0.31997621|0.17044491|0.30607256|0.53486156|0.19571643|0.18477359|0.18856704|0.44885403|0.29253119|0.11850271|0.29489112|0.28439289|0.79428411|0.14773053|0.10950157|0.15526196|0.17312464|0.21990398|0.2767193|0.3251572|0.16888647|0.13936746|0.4051618|0.19955057|0.29824591|0.15062061
Etiopía|0.25067583|0.19608921|0.11410722|0.26333755|0.17916703|0.16304433|0.62665832|0.27162582|0.25213668|0.20627548|0.23570237|0.20845956|0.029718708|0.019753296|0.18561201|0.094519615|0.23164009|0.3988201|0.18911661|0.16635697|0.15260802|0.20560175|0.19070795|0.24182391|0.46407786|0.17716926|0.14677483|0.16507789|0.23044586|0.20623086|0.15698206|0.67827547|0.21330491|0.33829388|0.25519156|0.21718764|0.29345|0.27753389|0.11961505|0.13396433|0.70422101|0.1074263|0.65080267
Filipinas|0.11841013|0.54734099|0.28677744|0.67217994|0.11591585|0.22501579|0.60911858|0.12271197|0.47669393|0.12558463|0.13535263|0.14357141|0.42280084|0.3241879|0.38510025|0.034225583|0.52883488|0.19618087|0.057359844|0.093202829|0.4356178|0.66568244|0.63749206|0.67196512|0.40107918|0.0971293|0.46294188|0.35151252|0.20858438|0.077588581|0.31955934|0.34503806|0.089601144|0.15274382|0.075530648|0.15211859|0.19894499|0.62019795|0.33852714|0.06609606|0.41226256|0.35579541|0.065563194
Finlandia|0.20124677|0.53970581|0.13681689|0.12890996|0.23185694|0.13953707|0.26354128|0.26514825|0.12461482|0.6288498|0.43584722|0.19123825|0.37477341|0.63435924|0.23641437|0.30281451|0.19797444|0.32948858|0.13111305|0.31500515|0.56970572|0.46912128|0.16437986|0.13375401|0.59823453|0.48344457|0.42062438|0.17966096|0.18078856|0.64261395|0.11291291|0.32761675|0.46528|0.32172894|0.36735177|0.15620151|0.22309491|0.1063666|0.19814628|0.41401434|0.11681519|0.47772679|0.4987784
Fiyi|0.094792083|0.050949931|0.42390025|0.045501404|0.086256616|0.039916046|0.059380524|0.069368906|0.13130024|0.062660336|0.056658175|0.068199337|0.58661443|0.11169833|0.094271034|0.32517731|0.075704448|0.098698929|0.43700072|0.10968541|0.033252195|0.07301411|0.060927019|0.057947136|0.025987102|0.071358278|0.048476703|0.085458577|0.070240229|0.053347819|0.043027464|0.19681811|0.064131103|0.038722523|0.048378281|0.063269742|0.11813864|0.053834453|0.033590317|0.15538096|0.034380894|0.033781815|0.046486009
Francia|0.62724721|0.69413847|0.57929808|0.46480632|0.81169528|0.57407355|0.56175447|0.2070896|0.78919137|0.85584426|0.76351696|0.29873347|0.76371765|0.71987462|0.70834529|0.6444838|0.55258811|0.42983305|0.50901014|0.23870668|0.59113336|0.61911809|0.51344919|0.51524842|0.66339111|0.86072582|0.51065081|0.64051515|0.19941631|0.53775394|0.58624125|0.56088126|0.60829592|0.65343392|0.69783473|0.66609752|0.70356739|0.57105875|0.45769507|0.48571262|0.47693914|0.56470305|0.56221551
Gabón|0.37350687|0.23862857|0.67703491|0.33564141|0.28559393|0.28392857|0.58151031|0.47099718|0.20313579|0.32503831|0.35931057|0.7820912|0.10763445|0.11465912|0.40486532|0.030415375|0.34520453|0.59359491|0.30804306|0.43737429|0.2621139|0.23507425|0.35852879|0.27926108|0.37870556|0.28320685|0.59006071|0.27237204|0.42648569|0.32146052|0.45131245|0.60770899|0.30441654|0.31541124|0.35617191|0.32886308|0.45480683|0.4003242|0.31583101|0.30678111|0.28458595|0.22143701|0.29170674
Gambia|0.47949198|0.43479913|0.56216311|0.42621496|0.43351233|0.3773886|0.36278802|0.5439716|0.36220098|0.42356128|0.7777878|0.43850636|0.22277036|0.28424746|0.51803839|0.5273245|0.45753661|0.68179011|0.40365064|0.5214926|0.3702307|0.44905034|0.40795577|0.42067152|0.31067425|0.77329391|0.33992296|0.47582638|0.84734243|0.44670266|0.37284499|0.28727281|0.40586847|0.43913481|0.47161376|0.46897221|0.61035907|0.49403295|0.34848398|0.36583012|0.39521739|0.32617268|0.40477243
Georgia|0.13604821|0.096735403|0.059740067|0.099925615|0.14265247|0.13109964|0.40205294|0.11354738|0.61276162|0.10897349|0.14300027|0.71235716|0.17929|0.5530684|0.15017875|0.3316837|0.11408094|0.16945204|0.078612283|0.15381521|0.41163677|0.26116502|0.1102903|0.47715288|0.45643294|0.081772864|0.059229322|0.12322752|0.13608691|0.067162313|0.05413945|0.085594073|0.1065108|0.083272658|0.09798485|0.10612309|0.17576778|0.072003543|0.06120754|0.36897928|0.060892612|0.14032055|0.12884718
Ghana|0.38310775|0.29644191|0.65705693|0.69940507|0.3445994|0.67282683|0.75519049|0.48795849|0.65939045|0.38382804|0.4386766|0.39488006|0.13562202|0.22070974|0.47691238|0.48238862|0.41780046|0.62011373|0.35554692|0.47614399|0.32346678|0.61545372|0.36880344|0.65491629|0.529984|0.3707611|0.62210304|0.42266929|0.48505083|0.3496353|0.42117879|0.75042099|0.60486209|0.48191988|0.41758314|0.40756324|0.55699545|0.45872641|0.65662014|0.27764162|0.6103639|0.60720044|0.69641936
Gibraltar|0.198333|0.14803651|0.10489641|0.14825571|0.20203684|0.10263452|0.13110845|0.18001601|0.42243001|0.15971008|0.24755578|0.19938371|0.38298759|0.37326992|0.22482401|0.49284092|0.16960856|0.24999404|0.11984672|0.25622195|0.10761049|0.17482629|0.14007941|0.16546085|0.085581847|0.16517848|0.12489718|0.19073874|0.21647909|0.14833625|0.12311672|0.093912005|0.14644714|0.12477345|0.16006556|0.1686509|0.26450074|0.16582064|0.086322695|0.56558561|0.11029111|0.11630557|0.13938829
Granada|0.51495355|0.46354222|0.66737139|0.712291|0.48975849|0.78571558|0.63611937|0.59712315|0.6997512|0.46243545|0.52159131|0.52595234|0.68618977|0.2780917|0.84942019|0.57670343|0.51142758|0.76129568|0.79143965|0.6291638|0.61725646|0.48344761|0.74597365|0.6044057|0.62036228|0.4495455|0.41786999|0.51975983|0.60362619|0.64971507|0.71041441|0.73685312|0.69203478|0.48883447|0.52834535|0.50206232|0.66924882|0.52833468|0.67631692|0.56861436|0.45396286|0.66291559|0.52825367
Grecia|0.39941466|0.21771803|0.54311907|0.47690657|0.54209721|0.45403436|0.26807296|0.23858956|0.53148723|0.67757177|0.21532631|0.17540282|0.28962323|0.72290576|0.57553995|0.25045457|0.16355884|0.3095153|0.59524751|0.28838253|0.54917991|0.43699265|0.33076212|0.13720989|0.36066049|0.48742592|0.40977266|0.64561582|0.26671532|0.46529078|0.10785927|0.59882754|0.48231876|0.15549743|0.29692435|0.2618295|0.31264603|0.15328495|0.37522796|0.39035881|0.45833701|0.5525344|0.15369678
Groenlandia|0.51928663|0.42821139|0.36907628|0.45854527|0.47266406|0.4425959|0.47338042|0.58839053|0.42557931|0.45921952|0.51262492|0.5287168|0.38614357|0.37638521|0.54729915|0.49598315|0.49747527|0.72687244|0.43065938|0.59117973|0.39506972|0.45345759|0.46028721|0.43990576|0.33871263|0.46223515|0.41276371|0.52266359|0.5723533|0.48925501|0.43338302|0.39239982|0.44341058|0.46872765|0.50888395|0.51315397|0.64121187|0.52270097|0.39934289|0.59368306|0.38105053|0.40946048|0.43713331
Guam|0.3174668|0.24313381|0.19533679|0.2564677|0.29177833|0.24085319|0.23785725|0.33153409|0.24245411|0.25338924|0.28964627|0.31904191|0.21861115|0.17310514|0.33895069|0.20941448|0.29986992|0.40239918|0.22408852|0.3626762|0.20170149|0.28039399|0.27153546|0.25124156|0.25516555|0.2494472|0.21162465|0.30214721|0.35266453|0.248308|0.22401416|0.18193744|0.22261088|0.21288943|0.28450751|0.29532653|0.3899661|0.29749352|0.21103412|0.28918311|0.21373612|0.19470391|0.23073542
Guatemala|0.75910938|0.86246777|0.87838107|0.89159274|0.84899056|0.96299338|0.95851624|0.61175138|0.43872947|0.49630189|0.79083669|0.55386454|0.81216389|0.30724502|0.94919151|0.82310873|0.88863838|0.73862576|0.87049931|0.90448451|0.75959098|0.89420295|0.77860856|0.80575585|0.65124649|0.82657129|0.86753321|0.88185728|0.65463227|0.81680393|0.85495877|0.9070276|0.87918746|0.69080788|0.85473156|0.71191114|0.6845305|0.84168994|0.84378827|0.57750261|0.89195013|0.84995699|0.79942226
Guinea|0.46246409|0.42077774|0.73406446|0.40367749|0.41674501|0.47240859|0.4057847|0.51611018|0.57262313|0.40112579|0.45636761|0.42117938|0.50946105|0.25937489|0.49788094|0.51048177|0.44334188|0.65109551|0.37842453|0.50451088|0.35095042|0.42652243|0.39670497|0.40667856|0.29143521|0.39615262|0.36908889|0.45899063|0.50565493|0.42672765|0.57454789|0.54291761|0.38626885|0.41408029|0.72429144|0.45213303|0.58153927|0.47110629|0.41204369|0.33274087|0.375251|0.33478439|0.38779819
Guinea-Bisáu|0.4764162|0.43174919|0.68067026|0.42313766|0.43046254|0.64806437|0.42021006|0.53541678|0.3591381|0.4177469|0.47866309|0.43540069|0.5316714|0.28121129|0.51217717|0.52426714|0.45446941|0.67844701|0.40057921|0.51842135|0.36720428|0.44322675|0.62536478|0.41762441|0.30765194|0.40995878|0.3558988|0.4727698|0.51953524|0.37928826|0.39132315|0.32165748|0.40281019|0.43608052|0.78563106|0.46591523|0.60720313|0.49091679|0.49884954|0.36004919|0.38937524|0.4811703|0.67699569
Guyana|0.81246531|0.40019777|0.7692405|0.6898098|0.64322752|0.76930839|0.95252967|0.557648|0.71642339|0.43395877|0.73023206|0.47835606|0.65269011|0.26909852|0.79477501|0.71908152|0.76283991|0.70114136|0.53443038|0.60256898|0.70577478|0.69340903|0.73025477|0.67924643|0.58175015|0.58533937|0.77860051|0.42638001|0.81112158|0.6732924|0.77968746|0.70271307|0.80167329|0.51361614|0.49845701|0.43849927|0.62187135|0.50801486|0.79374743|0.52575618|0.84801805|0.66956377|0.72860217
Haití|0.84461236|0.49992073|0.84534705|0.66618967|0.69552922|0.77346069|0.84131134|0.62098366|0.90682924|0.50844336|0.53704172|0.59152699|0.64887577|0.37959492|0.82494664|0.70192337|0.7282486|0.76462829|0.66813576|0.63695365|0.42903125|0.7619884|0.71237457|0.72306991|0.38272905|0.63813567|0.73093832|0.54370588|0.80369222|0.52733582|0.81389236|0.79034436|0.6991908|0.56388247|0.82691157|0.55384934|0.67733216|0.86460245|0.70356876|0.59040409|0.77135468|0.70806742|0.74490809
Honduras|0.76650077|0.77195889|0.78365433|0.84843481|0.72723579|0.93800807|0.92690432|0.58089662|0.49788851|0.4746227|0.8370797|0.55716705|0.76909763|0.27191463|0.89659035|0.79030097|0.84525222|0.72221076|0.73957807|0.93091023|0.72776723|0.85223162|0.81461281|0.83057451|0.37502062|0.7536819|0.74929059|0.76452243|0.54202127|0.80145371|0.74857414|0.87794054|0.77744204|0.56011063|0.84864354|0.68564761|0.94206673|0.79414779|0.82426655|0.58744925|0.79199302|0.78580368|0.76863807
Hungría|0.28154215|0.70855623|0.61638266|0.17190538|0.74226654|0.24531707|0.46229309|0.28108907|0.13507941|0.22276232|0.22962394|0.1965096|0.51348472|0.33424443|0.23927411|0.60153896|0.19489899|0.34742093|0.12781568|0.322781|0.37488014|0.54426819|0.5094378|0.53785515|0.70802069|0.18548319|0.59429473|0.31421316|0.30656511|0.54478288|0.12032758|0.29811209|0.16560359|0.32938606|0.74200797|0.18462867|0.35912675|0.17816313|0.28195342|0.42427316|0.32314286|0.23825333|0.40913999
India|0.037936494|0.25740927|0.23266031|0.21486285|0.028645335|0.36584288|0.38760903|0.05286593|0.015805859|0.0511287|0.02511395|0.036479115|0.43548608|0.10855784|0.03420531|0.0|0.35590076|0.43265599|0.33325133|0.072216369|0.28498086|0.25526139|0.26812658|0.31520888|0.17070967|0.33152944|0.36454135|0.035609197|0.050397586|0.40182179|0.22978657|0.50119239|0.75846839|0.35182941|0.33876371|0.089078158|0.053627204|0.50434899|0.61982524|0.069291644|0.47372606|0.15701634|0.33429706
Indonesia|0.063525975|0.56895447|0.33369356|0.41668558|0.034226906|0.32344171|0.48287511|0.088767998|0.094900817|0.079373568|0.017883165|0.10326773|0.5616917|0.45874572|0.022261407|0.12224534|0.37208509|0.12472057|0.48780257|0.10685505|0.026271552|0.67865866|0.33351618|0.051439643|0.34164095|0.067456737|0.30370677|0.06808883|0.10640734|0.019755891|0.36822993|0.39589593|0.24075717|0.10817659|0.56355393|0.646631|0.046823893|0.019213432|0.4794414|0.14941882|0.57166207|0.14623229|0.019057054
Iraq|0.39095211|0.32065344|0.52182722|0.3272908|0.36104858|0.54808807|0.74394155|0.41238534|0.32070473|0.3153961|0.37200928|0.9924373|0.414749|0.53136414|0.42008373|0.30932909|0.38111311|0.52393377|0.29183415|0.4633739|0.25591591|0.34566867|0.34342903|0.69520903|0.20827265|0.32476684|0.54461122|0.37729755|0.43668973|0.32841343|0.62367749|0.60445809|0.57894611|0.29889935|0.7633425|0.37049612|0.48445714|0.38149768|0.54503334|0.43996084|0.548706|0.39769343|0.30117124
Irlanda|0.67414671|0.5611757|0.35506725|0.23774523|0.30333489|0.50861746|0.31439567|0.36929953|0.61616731|0.70737791|0.69048607|0.31422693|0.34386069|0.74058199|0.38791764|0.41530234|0.25354654|0.4702884|0.53834403|0.41148067|0.51648247|0.52748948|0.56540161|0.57996541|0.61011773|0.64721656|0.64022857|0.66717386|0.24341299|0.60814989|0.19985044|0.382294|0.59339905|0.66149306|0.64035493|0.35388649|0.42964804|0.2605345|0.5634824|0.50304848|0.44695356|0.48860973|0.20474601
Irán|0.36299124|0.29316375|0.57534283|0.25289363|0.29557237|0.23768547|0.24162149|0.39294884|0.30122089|0.2985822|0.27104214|0.64802516|0.26658791|0.46974227|0.39417526|0.27895761|0.29358637|0.49934769|0.23121712|0.43000245|0.24259077|0.67432642|0.27436817|0.60126913|0.18952799|0.24031016|0.20545763|0.35518038|0.41162103|0.30558383|0.52231288|0.17558441|0.2784546|0.27957124|0.27815992|0.35112|0.46053147|0.29281664|0.20374084|0.39628381|0.20573437|0.47361022|0.27880239
Islandia|0.18100254|0.15419233|0.17373151|0.23398617|0.27413702|0.1757102|0.16656414|0.2263381|0.38007981|0.22900611|0.23290846|0.14940681|0.32667777|0.69212902|0.2528519|0.48936445|0.27840376|0.35722661|0.1955567|0.21812248|0.16890085|0.18273869|0.19703358|0.20059367|0.12706926|0.22990501|0.13999391|0.27866241|0.19242042|0.23025763|0.21031275|0.13248697|0.2947877|0.28877789|0.25106061|0.22779843|0.3621332|0.27034816|0.16018116|0.22349942|0.1538702|0.18217516|0.15965752
Islas Caimán|0.29429439|0.093052238|0.20375684|0.62113637|0.56284845|0.63133842|0.66409755|0.23244175|0.074286513|0.175257|0.32485378|0.10637827|0.32181582|0.43437549|0.63054293|0.36236632|0.28647014|0.43972027|0.53132218|0.36892873|0.13376081|0.2739628|0.2942552|0.17224643|0.32506365|0.54495776|0.55699503|0.67239159|0.33245844|0.35278559|0.72129315|0.18875831|0.63853323|0.23168635|0.23859516|0.20157838|0.707528|0.25765222|0.24350426|0.57242191|0.50827259|0.51806486|0.70865923
Islas Turcas y Caicos|0.56172603|0.50839376|0.4372288|0.50934547|0.53777379|0.51521945|0.80174232|0.64608729|0.47249231|0.53394073|0.62248552|0.60373431|0.44445682|0.42393523|0.88123488|0.56168729|0.55846798|0.81240457|0.72675681|0.65523297|0.45009035|0.53852731|0.50599271|0.4993071|0.41538608|0.50614369|0.50433934|0.56908238|0.61691117|0.55250096|0.83751214|0.43618423|0.7099123|0.53144878|0.5689218|0.56234694|0.71470755|0.58206439|0.6027807|0.64927697|0.72174871|0.7318899|0.50387484
Israel|0.62442142|0.5654099|0.54759127|0.55660683|0.50461662|0.50540352|0.56451726|0.16151404|0.71280974|0.546336|0.49653071|0.2144118|0.53612041|0.76443195|0.64950311|0.2245982|0.28192461|0.24145386|0.57694656|0.36568063|0.41899222|0.56165862|0.55780905|0.43463612|0.6603477|0.45234907|0.34896189|0.36744311|0.1172308|0.67624807|0.51888216|0.27050266|0.7420063|0.20932336|0.56026077|0.14607838|0.24477834|0.11103906|0.41854286|0.18560341|0.53398508|0.44398928|0.52067059
Italia|0.87432188|0.80242443|0.51206195|0.53678542|0.76720977|0.54049987|0.60621667|0.32144976|0.7237215|0.85216784|0.65571404|0.24578556|0.57579941|0.6865443|0.65254557|0.61681265|0.53749001|0.38648474|0.81117153|0.20785218|0.6209991|0.59955132|0.61211264|0.508627|0.69500858|0.68301761|0.43827808|0.65514016|0.19637507|0.57302523|0.53453642|0.51270461|0.54711878|0.65699279|0.51992524|0.73216283|0.25403902|0.64314449|0.56994706|0.46149153|0.5459339|0.60352713|0.55024487
Jamaica|0.78972876|0.41343823|0.75537568|0.75419629|0.76034975|0.82795727|0.83568227|0.56857991|0.80953306|0.44141442|0.68723363|0.48879516|0.68299115|0.53539658|0.8460744|0.68499589|0.74301207|0.71578336|0.70373595|0.61135763|0.56685787|0.71176434|0.77024573|0.74093449|0.67296916|0.68611097|0.82568777|0.51542991|0.54635376|0.74703658|0.80996627|0.77016717|0.78545076|0.54284906|0.748335|0.62095881|0.62987149|0.84489918|0.72311366|0.53300667|0.7655741|0.77212214|0.75532722
Japón|0.56670487|0.64086461|0.18403849|0.56403518|0.62166846|0.23393168|0.25323284|0.045421891|0.46343726|0.46826756|0.54565012|0.032449186|0.6275118|0.66159391|0.47017327|0.15058744|0.22503614|0.075664334|0.4209404|0.088791773|0.68981767|0.24095945|0.35491821|0.01693205|0.51862556|0.45542669|0.35872278|0.35925525|0.0091503644|0.46842852|0.24888927|0.33159494|0.34414989|0.50174755|0.3890672|0.57102799|0.2878263|0.30361521|0.12552275|0.077103466|0.23918112|0.2440722|0.1423744
Jordania|0.13294476|0.087056071|0.31696343|0.07340657|0.092880711|0.12597646|0.42303038|0.11954393|0.23513705|0.099243082|0.13031024|0.92832482|0.4487744|0.45069456|0.14586151|0.24681549|0.47778079|0.17341942|0.075711839|0.14110716|0.48138145|0.083839677|0.07765694|0.50378895|0.34559548|0.075105444|0.14283442|0.11257763|0.1331321|0.20916173|0.26675683|0.1584329|0.4890587|0.0517148|0.61921245|0.10321018|0.17124735|0.076892331|0.27398553|0.23387478|0.21738885|0.25763714|0.083643362
Kazajistán|0.12591903|0.089827999|0.3582423|0.060898297|0.12903792|0.082157597|0.39632791|0.10571115|0.1764138|0.10242525|0.12741515|0.12418763|0.17648117|0.21792488|0.141882|0.28532156|0.10980923|0.16363211|0.44754592|0.13634342|0.063674502|0.11587216|0.10264751|0.099980704|0.69884276|0.10846166|0.37255517|0.11606812|0.12843837|0.095291361|0.24300696|0.23936939|0.10202244|0.19290084|0.089692146|0.098404869|0.16718224|0.11398086|0.20095551|0.27434629|0.28733608|0.12215774|0.077820793
Kenia|0.6609695|0.07577008|0.28155285|0.59923792|0.11299501|0.52606308|0.24905768|0.20010617|0.037068035|0.17147754|0.17218478|0.15617183|0.36219355|0.39138141|0.18910272|0.2996695|0.10519446|0.27301741|0.22038645|0.17097867|0.12217817|0.50854433|0.48302457|0.59169388|0.40758604|0.13258821|0.40535641|0.14149126|0.1236854|0.16047788|0.49399239|0.67113394|0.40960824|0.23739611|0.17808285|0.12548615|0.27722263|0.19948316|0.14592831|0.14636566|0.36400202|0.26099923|0.62834877
Kirguistán|0.11204709|0.070512146|0.051738899|0.08112254|0.10446353|0.068512768|0.062608041|0.085522607|0.083617583|0.08996813|0.10312754|0.095330879|0.1411007|0.1869109|0.12628861|0.23736379|0.087966949|0.13417967|0.061232872|0.12257504|0.051598214|0.093839675|0.084541216|0.065392658|0.54686159|0.092677549|0.067553654|0.099258177|0.10145806|0.081184715|0.063489586|0.050402876|0.083506949|0.066748671|0.071988545|0.080121808|0.14455028|0.094100833|0.055104949|0.15244924|0.057813995|0.041109495|0.06173443
Kuwait|0.081175424|0.05608514|0.26371545|0.051439997|0.51426315|0.055098414|0.31855088|0.075468875|0.53726643|0.56756711|0.060941193|0.52104414|0.46248859|0.57835281|0.10080279|0.2922115|0.53233373|0.103856|0.42517555|0.01528668|0.30855548|0.069812007|0.066749901|0.45658249|0.4985643|0.61037344|0.61789525|0.552899|0.079272047|0.51116782|0.18364897|0.41308972|0.53679973|0.45769727|0.11022246|0.011190798|0.11248539|0.057833403|0.28816554|0.014222855|0.25412369|0.59306431|0.44492581
Laos|0.24747026|0.18762627|0.15794359|0.21115267|0.25001097|0.20383683|0.18473849|0.25649455|0.20030604|0.19738129|0.24404727|0.2674078|0.17081714|0.14821756|0.20286012|0.17841728|0.24660636|0.33287001|0.17619643|0.27633029|0.1496253|0.23785396|0.22708474|0.21779473|0.12431213|0.20189929|0.12205732|0.24644482|0.2911413|0.20245656|0.193064|0.53187847|0.19708011|0.17923181|0.22581369|0.23411971|0.3368693|0.24280676|0.18039496|0.23689584|0.18164593|0.46928844|0.53785312
Lesoto|0.24438632|0.21198297|0.15280187|0.20754218|0.21322826|0.19621319|0.17460483|0.26209313|0.077064261|0.20963284|0.26819986|0.22990388|0.18891686|0.29221267|0.21796808|0.36591637|0.18136951|0.31349528|0.15704218|0.26296294|0.14036462|0.24380565|0.21811064|0.22079134|0.11431143|0.21975537|0.15587595|0.2890614|0.29461926|0.19913453|0.18041672|0.14831278|0.18470888|0.1588735|0.35924637|0.24719916|0.32215929|0.23631576|0.17712879|0.36293012|0.17793947|0.084132776|0.18489993
Letonia|0.25346804|0.15903997|0.26687354|0.16620754|0.52158761|0.15064594|0.15718326|0.24767864|0.27590886|0.64639968|0.74155235|0.18186747|0.61114919|0.69995588|0.74239445|0.42213583|0.27219635|0.31662261|0.16736773|0.30024838|0.46699232|0.51810461|0.17133778|0.17513917|0.57807589|0.22660753|0.32408112|0.29182905|0.27857211|0.14187753|0.13771249|0.24324001|0.53145897|0.16731766|0.21398999|0.27365687|0.3192468|0.18096507|0.66503388|0.40212309|0.21022835|0.49563915|0.47889131
Liberia|0.42248929|0.36079487|0.74712741|0.34836522|0.39825004|0.66105664|0.33904189|0.46784166|0.38799|0.36004996|0.35269418|0.82939911|0.27136323|0.24802035|0.4470087|0.50734228|0.41439414|0.57728052|0.32633051|0.54358351|0.28842312|0.33333504|0.37181455|0.34705436|0.23799741|0.37814045|0.26119894|0.4194158|0.48162466|0.36646634|0.34719729|0.78120923|0.32694662|0.34802195|0.32815176|0.42599574|0.51373225|0.41178858|0.21585566|0.49247974|0.2681874|0.40112349|0.28207582
Libia|0.46929315|0.41659892|0.3975161|0.39473748|0.44050205|0.46395048|0.40967864|0.52271789|0.39273903|0.55104762|0.55055642|0.6193065|0.33655|0.4014931|0.48983377|0.43870598|0.46166247|0.63006115|0.36990207|0.54966694|0.33664703|0.41580257|0.41999727|0.470128|0.2805033|0.41582733|0.47628573|0.4819057|0.52277225|0.41899705|0.47019097|0.44646198|0.37234712|0.40885791|0.43807125|0.47237849|0.56783468|0.46512187|0.3591871|0.5293898|0.44350728|0.34680498|0.46615085
Lituania|0.25961384|0.22463182|0.50658303|0.15189599|0.45806742|0.14346501|0.36652738|0.25928819|0.56054533|0.61833227|0.19308746|0.18807243|0.49682128|0.64905202|0.24553338|0.31903395|0.21124637|0.32604545|0.38505244|0.30913231|0.59409595|0.56517631|0.17419854|0.16928077|0.52148497|0.52652025|0.25780907|0.22381034|0.28744939|0.68468785|0.36134201|0.4283976|0.38244194|0.17616814|0.2230489|0.17869237|0.33379322|0.17169788|0.48302767|0.4109326|0.11337989|0.44680828|0.68716836
Luxemburgo|0.32323366|0.55117768|0.21256883|0.26660183|0.33842424|0.24945027|0.25642407|0.34159914|0.18741676|0.26422349|0.7687124|0.2802026|0.32975394|0.35565269|0.359236|0.46649677|0.32516333|0.40994591|0.23422641|0.38358086|0.21495456|0.28968146|0.2874136|0.25605038|0.15959243|0.27929509|0.21899128|0.74743468|0.356287|0.2530849|0.24578732|0.46589473|0.23026389|0.64672083|0.29232448|0.3207522|0.39470446|0.7747221|0.23092309|0.47308746|0.22711843|0.51168942|0.52484179
Líbano|0.12930927|0.13737853|0.24122858|0.14102051|0.18547186|0.44937313|0.45034826|0.16804811|0.39554268|0.13174576|0.12388763|0.89291489|0.40014637|0.53980321|0.20634156|0.24028683|0.52186018|0.23651055|0.46231911|0.35663721|0.075175315|0.12905447|0.38227275|0.14684772|0.35734954|0.45886898|0.12926956|0.58087325|0.18755984|0.39882621|0.42476168|0.25344056|0.61711657|0.5993495|0.6058476|0.16528687|0.23421116|0.16205987|0.43994349|0.40800539|0.43077731|0.44047904|0.49592808
Macao|0.26835388|0.20288518|0.17064834|0.21830755|0.20948151|0.16974588|0.17860216|0.27455282|0.21563011|0.21547398|0.25125128|0.27745259|0.18616739|0.58587247|0.29990882|0.18547161|0.25920504|0.34410912|0.18606913|0.29444343|0.44340083|0.1992965|0.24233191|0.22754484|0.13393751|0.20896524|0.14960358|0.44505277|0.30099583|0.21245146|0.16075233|0.14489107|0.20413929|0.1862711|0.24162364|0.70898497|0.34991425|0.26389337|0.18464011|0.24657845|0.16155675|0.12886876|0.19823487
Madagascar|0.31331012|0.20616683|0.53114498|0.27036467|0.18927225|0.22208402|0.70400751|0.30572787|0.31067908|0.2351872|0.26499572|0.22049196|0.35059127|0.049439833|0.31982645|0.253869|0.26230526|0.42552924|0.55883896|0.26920962|0.18852313|0.70565581|0.22093743|0.56329656|0.14716943|0.195033|0.17557445|0.2493607|0.28149825|0.1745109|0.55390811|0.4716326|0.21781051|0.22173226|0.17175204|0.22449902|0.31572041|0.28997692|0.59884518|0.14253476|0.24603079|0.22801651|0.21474719
Malasia|0.0|0.55683231|0.030125137|0.34300399|0.0|0.35393143|0.12775339|0.0|0.16362722|0.0|0.021216268|0.0|0.52394032|0.65305316|0.028368179|0.11269335|0.18547815|0.0|0.011976216|0.038742449|0.32701796|0.38550019|0.37813592|0.55893564|0.26891929|0.43489733|0.31237236|0.0|0.0041428814|0.24132404|0.34444761|0.40277654|0.0|0.013900467|0.043024402|0.55044824|0.0|0.36430079|0.3226184|0.084529102|0.27838382|0.06434495|0.13609497
Maldivas|0.072160408|0.0095836502|0.016473286|0.029844582|0.059571169|0.036353249|0.038004853|0.040932812|0.22688901|0.043487307|0.065237507|0.041468218|0.07715258|0.16342182|0.071965247|0.19942458|0.056988955|0.062627487|0.020388663|0.069406427|0.019879699|0.050850589|0.047413014|0.043141171|0.3309752|0.050318029|0.03244644|0.057220794|0.054127607|0.034025963|0.026802137|0.017049136|0.36067557|0.021508843|0.031862032|0.033825696|0.082247205|0.02911872|0.11561042|0.056482274|0.020665659|0.43138707|0.022177748
Malta|0.3035832|0.62978202|0.18719877|0.24142972|0.48334238|0.56580949|0.18171422|0.30849183|0.1570099|0.70167297|0.31001991|0.74328578|0.30474788|0.34221017|0.33615142|0.44717914|0.30291995|0.37174806|0.44311976|0.34752986|0.18245697|0.18933564|0.19427881|0.19425872|0.60128272|0.26543036|0.15259752|0.3223539|0.32579079|0.16765246|0.28784555|0.21184631|0.57485211|0.6303758|0.26292625|0.20659927|0.37086418|0.28200081|0.17031541|0.44595376|0.16935289|0.37459767|0.51347882
Malí|0.45086104|0.40943938|0.70138603|0.3975535|0.40540808|0.47823602|0.43261674|0.50466591|0.33657897|0.39235872|0.44739652|0.41201818|0.39600378|0.23169377|0.48588753|0.49906787|0.42907929|0.63401079|0.36686593|0.48746046|0.33985269|0.41216645|0.38539046|0.38987485|0.27763236|0.61824059|0.73440433|0.44208929|0.49138606|0.41492051|0.32759437|0.3381817|0.36935055|0.40544415|0.44128865|0.43248093|0.57186359|0.46183765|0.44371185|0.31332716|0.36070541|0.29339015|0.37624991
Marruecos|0.8413192|0.19038175|0.36112285|0.63915724|0.22555161|0.20694101|0.29433361|0.34790194|0.51749891|0.67297798|0.31584617|0.11483438|0.46986887|0.60747099|0.25587553|0.50316453|0.62436694|0.51467097|0.16058621|0.35055971|0.45978099|0.24949704|0.178105|0.23827958|0.41166157|0.18055031|0.18451238|0.72319293|0.32245472|0.23374587|0.16842806|0.24681023|0.1781939|0.39105624|0.66973376|0.2502012|0.47631368|0.31919152|0.68739784|0.26456156|0.59915966|0.41242993|0.61214709
Mauricio|0.18910976|0.11666021|0.38892239|0.10669231|0.22903338|0.11598988|0.15382391|0.1856439|0.02867952|0.15286112|0.18630502|0.27356476|0.22708371|0.17853417|0.24254355|0.21778706|0.22210923|0.22729084|0.28361508|0.29141873|0.11041304|0.17857084|0.20022154|0.15300533|0.080819696|0.19117695|0.23332611|0.54689902|0.27517861|0.13905957|0.1267156|0.097929001|0.14149998|0.11748585|0.14553833|0.22027624|0.25123471|0.15866691|0.12269281|0.31931415|0.10324459|0.52116722|0.13265887
Mauritania|0.41530398|0.35054389|0.48200691|0.40696186|0.41998461|0.38974598|0.37279963|0.53822255|0.69229645|0.40439355|0.4624151|0.58861816|0.2118364|0.26259229|0.50122499|0.51373363|0.44660985|0.65481234|0.38169938|0.50778526|0.35415193|0.42980522|0.41222921|0.69809246|0.29463005|0.41867593|0.36154234|0.46224135|0.52569693|0.43004203|0.38354883|0.30532575|0.38952225|0.42007452|0.44885856|0.45538428|0.58769882|0.4772011|0.49124876|0.33870146|0.61801183|0.30961019|0.39107138
Micronesia|0.34267017|0.27336133|0.21802023|0.27895123|0.31650886|0.26330113|0.23146296|0.35920259|0.27291709|0.27568769|0.3040655|0.35302976|0.23817976|0.18385175|0.36210045|0.23428181|0.32217017|0.45718649|0.24646565|0.39603752|0.22051242|0.3001129|0.29073155|0.26768112|0.16753215|0.27160925|0.22851397|0.32700196|0.37772322|0.27112675|0.6720103|0.16834714|0.24474849|0.2486915|0.30573729|0.31744021|0.42486805|0.32892495|0.22743592|0.33559847|0.24203372|0.22502498|0.25034696
Moldavia|0.4432641|0.38561082|0.30038881|0.37417179|0.41226402|0.33293831|0.32261574|0.49426275|0.37247193|0.37008971|0.34322929|0.45052952|0.3189224|0.31422579|0.40194836|0.40207052|0.43581086|0.6039964|0.31122768|0.53472233|0.31164008|0.36588609|0.3124176|0.36047131|0.53814739|0.38463855|0.67244464|0.44803178|0.49416071|0.3925553|0.63156986|0.26629668|0.3117559|0.37777868|0.4130584|0.43575022|0.54289472|0.4382579|0.30774289|0.50972718|0.31257123|0.27772841|0.35325742
Mongolia|0.26554653|0.2149508|0.17729634|0.18961778|0.27058327|0.21525854|0.55868632|0.28395659|0.19427854|0.2189678|0.2587474|0.23287138|0.11679681|0.38766164|0.31026882|0.069825158|0.27541426|0.2778101|0.13669077|0.30313003|0.47754365|0.18654402|0.24544656|0.19742844|0.35201389|0.21247706|0.46954879|0.26633856|0.26376468|0.22445653|0.20597062|0.63984716|0.19983283|0.16455522|0.21693607|0.2312825|0.35279465|0.24862725|0.40567738|0.25323814|0.14243785|0.15132429|0.19211268
Montenegro|0.41860884|0.3460446|0.27783695|0.32425469|0.38798928|0.3423568|0.34324735|0.43680239|0.63474476|0.73080635|0.35561308|0.40458885|0.24189699|0.21461448|0.44355738|0.43559116|0.42447349|0.50718111|0.32243517|0.45051152|0.27477685|0.37713671|0.38845056|0.32153001|0.60546803|0.33896053|0.2923736|0.41313171|0.36925164|0.36341068|0.35029355|0.27375656|0.32978445|0.29555732|0.38631654|0.38192767|0.51677519|0.41476941|0.31941587|0.2833147|0.31896883|0.53231496|0.32580855
Montserrat|0.49970481|0.3937299|0.36447501|0.44828388|0.46620688|0.43627483|0.45318669|0.57511556|0.76396477|0.43064237|0.45961216|0.49721277|0.33986202|0.25077987|0.54244667|0.56843299|0.4925611|0.73419756|0.43347859|0.61753762|0.3888064|0.48670387|0.46441811|0.40989712|0.32797599|0.40009588|0.39860746|0.4854185|0.58699077|0.49498048|0.49032319|0.3417657|0.43586317|0.47803158|0.48433885|0.44744968|0.64795262|0.51594198|0.39126325|0.61632657|0.40828502|0.38341969|0.42290109
Mozambique|0.33590621|0.23495662|0.69275802|0.37812734|0.28893009|0.26036811|0.59739298|0.36583233|0.24934024|0.2720277|0.46826819|0.3047393|0.71792746|0.088120863|0.35440126|0.3124001|0.65908802|0.49517635|0.25566101|0.33551949|0.22417106|0.29288036|0.28366998|0.30093452|0.17412458|0.23751098|0.5203073|0.29926789|0.34629834|0.28526545|0.21481508|0.58903748|0.26485091|0.37498516|0.25836092|0.28735864|0.30923027|0.34562176|0.40859979|0.18212983|0.51165473|0.19167881|0.21789189
Myanmar|0.21456215|0.12088499|0.19146429|0.17862441|0.15962464|0.10911578|0.12432502|0.19239993|0.4515093|0.12885642|0.15537433|0.80374694|0.013917073|0.02914165|0.15321124|0.19409741|0.17853144|0.23105472|0.090861022|0.21115872|0.09841767|0.1929418|0.16138831|0.15600836|0.093275636|0.15061158|0.10411902|0.1339702|0.2397517|0.1171706|0.15410236|0.30820525|0.11797719|0.20022517|0.16842255|0.18175802|0.2371819|0.19472954|0.10785626|0.10713601|0.55237573|0.24107896|0.45244843
México|0.99490881|0.74312693|0.75882852|0.94371665|0.90433848|0.85449189|0.8728261|0.45165259|0.58990371|0.42700565|0.75355452|0.532125|1.0|0.78935093|0.73383546|0.81270385|0.94348598|0.67134601|0.81697452|0.56073236|0.86512589|0.75118601|0.75254977|0.71122062|0.48668092|0.77647257|0.69644082|0.85917675|0.73224425|0.83741307|0.75399345|0.70868599|0.8344295|0.80872357|0.73882329|0.83904469|0.8994112|0.88270724|0.80195099|0.62809563|0.83817977|0.83299613|0.7142781
Nicaragua|0.48912027|0.6249091|0.82015884|0.83755887|0.70228744|0.84033442|0.91035515|0.60088891|0.26162583|0.47892994|0.61069596|0.5468353|0.74286127|0.33744144|0.80210841|0.86225921|0.85787183|0.75003326|0.65117884|0.62581748|0.71367985|0.86402345|0.81779498|0.8461386|0.54966772|0.66834855|0.85632312|0.7429949|0.55719227|0.71694082|0.80332893|0.823879|0.81101477|0.57374942|0.86183262|0.52825344|0.66314012|0.67218292|0.77198946|0.59847319|0.81822526|0.76749539|0.734312
Noruega|0.28444439|0.4421837|0.16760081|0.066788539|0.43664652|0.4608857|0.28121573|0.10935411|0.55127048|0.58403766|0.1386631|0.077992506|0.21469158|0.7921083|0.52615529|0.38905647|0.10174982|0.20812134|0.24970713|0.076272577|0.40234849|0.39258036|0.18191834|0.28220156|0.47661805|0.30274561|0.45970452|0.38019967|0.092198394|0.59106565|0.31280974|0.21904746|0.098226227|0.63971347|0.16497788|0.049462192|0.20603561|0.079731554|0.11236338|0.17051193|0.048294563|0.2057645|0.43009347
Nueva Zelanda|0.70416713|0.22097355|0.40952301|0.67647099|0.72194648|0.51190078|0.54147011|0.38939449|0.50270879|0.3017098|0.65080863|0.38003084|0.54311377|0.70837963|0.57159853|0.63983524|0.58993471|0.49182886|0.61010253|0.42676604|0.55867654|0.22761595|0.70682299|0.66771322|0.64448112|0.69786251|0.54743063|0.28142294|0.31354553|0.38562274|0.50660622|0.49682507|0.43212318|0.31828171|0.59994233|0.73932236|0.46421707|0.63318992|0.47647101|0.37845695|0.57456422|0.50294656|0.38069469
Níger|0.41168559|0.35723302|0.55393112|0.36108422|0.36694163|0.31784531|0.3038916|0.45492449|0.30599749|0.35341966|0.4134084|0.36928171|0.15533057|0.19085142|0.45116648|0.46314359|0.39563209|0.59029734|0.3387979|0.44016892|0.30477089|0.38121772|0.34973112|0.68803191|0.24266279|0.34323332|0.28259867|0.39794213|0.44968027|0.37520134|0.33851659|0.25868762|0.33889449|0.36135948|0.4053272|0.3855772|0.53325099|0.42430955|0.29179376|0.25606954|0.30947319|0.27167758|0.33996773
Omán|0.17593765|0.047914971|0.41287583|0.011754215|0.071629293|0.49431962|0.53413594|0.065017842|0.65650576|0.057508565|0.084437199|0.064731181|0.072671384|0.50462431|0.089329258|0.2438921|0.25006038|0.094257496|0.037593227|0.084477291|0.17860055|0.45718384|0.038963277|0.51808333|0.37096167|0.059722058|0.4510529|0.076797552|0.074259348|0.37120998|0.23684229|0.38552523|0.49827093|0.086988091|0.11734295|0.046150461|0.10680801|0.049768221|0.25341722|0.0499442|0.37080038|0.34153876|0.18172854
Pakistán|0.18489018|0.45728609|0.14641851|0.13509035|0.083441362|0.28677902|0.098662615|0.15675384|0.12831821|0.14538577|0.072391689|0.2489115|0.045808304|0.083927602|0.11888535|0.037190225|0.09807229|0.22393724|0.34811977|0.19064376|0.10140454|0.097061165|0.32266289|0.089663438|0.074355371|0.57677376|0.43199915|0.14951146|0.15940164|0.074082702|0.070945725|0.57263035|0.5077545|0.23450422|0.094999656|0.67825562|0.21859464|0.14550275|0.52994287|0.11288747|0.56780934|0.044273637|0.24031541
Palaos|0.048887625|0.014378073|0.0|0.0|0.044027448|0.005863863|0.020758642|0.019759383|0.22277379|0.019691767|0.03519915|0.018287644|0.19608554|0.15392785|0.051245432|0.06147249|0.030596521|0.027696343|0.0|0.035548355|0.0|0.033506256|0.027912818|0.022206061|0.0|0.02991939|0.0|0.032386351|0.024128202|0.0080166943|0.0|0.0045715561|0.031002559|0.0|0.0062643755|0.015141822|0.059420377|0.0050655352|0.0|0.20191512|0.0|0.0|0.0048121815
Palestina|0.40830871|0.34025577|0.62829018|0.30834797|0.37515378|0.33715546|0.33542442|0.44867188|0.34605262|0.34357363|0.39782602|0.42863053|0.29787904|0.28841487|0.43543255|0.35929441|0.34834036|0.55745935|0.27822202|0.49712467|0.27780968|0.37127772|0.36573344|0.33715901|0.23008665|0.35005164|0.28568143|0.4025242|0.45389208|0.3598929|0.33530992|0.22625601|0.64838111|0.33507058|0.37894481|0.39298213|0.50611413|0.40787804|0.28471318|0.47023702|0.30602503|0.57826674|0.32117128
Paraguay|0.79356408|0.49293995|0.72256637|0.8440249|0.71730983|0.8200568|0.79798251|0.63313395|0.57751894|0.51532972|0.7747333|0.51377076|0.73590899|0.40880919|0.71586823|0.87470484|0.79226679|0.79271293|0.68454212|0.64201969|0.79731667|0.85528076|0.80488527|0.81005067|0.39509624|0.76837552|0.86387956|0.69542813|0.60652488|0.78282142|0.83126426|0.85313207|0.76631773|0.59416664|0.49464524|0.75134939|0.69672763|0.74582535|0.76712406|0.63146335|0.84210569|0.72737527|0.70177448
Países Bajos|0.90507174|0.73502469|0.58377266|0.61608922|0.67278808|0.48483357|0.51000714|0.34473962|0.68152779|0.83124483|0.72274739|0.28614733|0.78432381|0.77951646|0.66528261|0.70651221|0.62862718|0.41893613|0.61492181|0.24212219|0.67776489|0.75503331|0.5754202|0.62361389|0.74810678|1.0|0.49783558|0.59724903|0.22276846|0.51831818|0.47792178|0.61515236|0.58827317|0.67433882|0.70549965|0.58670104|0.27169073|0.68194234|0.55106151|0.47894177|0.62759966|0.63862336|0.61682194
Perú|0.83515823|0.79445565|0.96919215|0.93788135|0.86827493|0.97415221|0.94424117|0.7439568|0.89198965|0.50152224|0.81063533|0.83595979|0.86229688|0.62750036|0.96102023|1.0|1.0|0.95664746|0.82690716|0.66365784|0.77661133|0.98371041|0.85825014|0.96168172|0.62329251|0.70915073|0.90699852|1.0|0.83791614|0.9208166|0.88908017|0.88927203|0.89856601|0.80009186|0.92353672|0.79330051|0.6732316|0.93812799|0.89608961|0.65704411|1.0|0.84425974|0.82953703
Polonia|0.28787956|0.75531328|0.44636935|0.49870956|0.49846578|0.38153893|0.35958064|0.29288113|0.64715242|0.82031047|0.58332574|0.20567083|0.42892414|0.63787997|0.24932694|0.30643636|0.5492897|0.35444403|0.4102667|0.32910657|0.70910859|0.5739578|0.45245838|0.16254741|0.7401737|0.59631193|0.42902941|0.19716284|0.16824798|0.48640674|0.32243589|0.37354493|0.51622182|0.66824317|0.65696204|0.54628044|0.2417365|0.56121397|0.46474719|0.43050247|0.66724324|0.51528639|0.24497524
Portugal|0.64656144|0.57360142|0.45515519|0.53381753|0.54487085|0.51991421|0.57613766|0.38313198|0.55672467|0.81276214|0.64582628|0.32572427|0.48625594|0.64253581|0.29361221|0.44182402|0.28986263|0.48119515|0.55608839|0.2972829|0.43272477|0.26446259|0.25277269|0.35412538|0.51417065|0.62212032|0.44716746|0.31726012|0.26042205|0.4432019|0.42895329|0.42396489|0.56663036|0.6169371|0.71736628|0.28448808|0.44160217|0.25149325|0.62303084|0.38406378|0.5150423|0.52447051|0.55323327
Qatar|0.060324706|0.20907149|0.20971869|0.034122746|0.55992538|0.026220502|0.35287392|0.049067408|0.24618027|0.54084069|0.045925081|0.70158863|0.14775847|0.55955207|0.077103421|0.26653385|0.54186726|0.072669096|0.50544471|0.0|0.40850019|0.3996942|0.23331293|0.10789596|0.39223963|0.69497395|0.37669814|0.34872937|0.0578302|0.039161917|0.45554757|0.23027396|0.41641524|0.52759218|0.39550221|0.0|0.090766184|0.35699698|0.53270894|0.0|0.06379316|0.40485001|0.33719093
Reino Unido|0.77598256|0.81594658|0.66320521|0.5775156|0.61683971|0.68297863|0.60327101|0.44423103|0.63003659|0.96814489|0.66255957|0.5422039|0.80251658|0.82114613|0.81123126|0.71476531|0.70034146|0.54322338|0.65434551|0.52438456|0.67268521|0.58072841|0.64063418|0.65069664|0.78016794|0.88791192|0.54036033|0.7350201|0.36299068|0.89432454|0.6106872|0.58229613|0.72520924|0.78913438|0.75156987|0.65741825|0.40779635|0.5889439|0.65295333|0.51874113|0.54162359|0.7518332|0.63258433
República Centroafricana|0.32638437|0.26748523|0.53997195|0.29118294|0.19218302|0.25301465|0.21518825|0.42782331|0.14359426|0.28184444|0.31880662|0.34959817|0.080893502|0.080696851|0.35065609|0.40525112|0.30913091|0.53608429|0.26272148|0.38661012|0.22846371|0.27725023|0.31633025|0.27244306|0.17956242|0.24353354|0.20128125|0.1581348|0.38052171|0.27735159|0.25504783|0.17136137|0.25875834|0.26713204|0.32220492|0.29879838|0.40053183|0.36021295|0.2076575|0.24267915|0.22331856|0.18715465|0.26805359
República Checa|0.21151941|0.74931812|0.46478915|0.60769045|0.23561385|0.40832925|0.50407737|0.30266768|0.54349589|0.55764908|0.63174069|0.2266703|0.55665368|0.5676527|0.27370733|0.35650444|0.20502552|0.36837342|0.46628189|0.34169424|0.49748379|0.66873139|0.56171149|0.36695421|0.77479237|0.59219611|0.35215938|0.228479|0.1747511|0.52355874|0.35386947|0.27657345|0.44776282|0.27301136|0.3012194|0.19831479|0.24794304|0.18521553|0.23431204|0.44290492|0.48719746|0.49929965|0.45867366
República Democratica del Congo|0.43981385|0.37672138|0.81047106|0.37071827|0.40886939|0.55422115|0.59393525|0.49084571|0.48017955|0.36665797|0.42406911|0.82022262|0.31548864|0.31086031|0.4594833|0.39865977|0.43237895|0.59722692|0.3432692|0.53128189|0.60991645|0.3890579|0.60830832|0.48399442|0.25224575|0.3812229|0.60225761|0.43638077|0.48798019|0.38906235|0.49843007|0.48610026|0.31830722|0.37162706|0.82993847|0.429593|0.53927296|0.43197405|0.45167786|0.50636709|0.42701668|0.42541599|0.34981859
República Dominicana|0.9173063|0.71410304|0.88116163|0.90385234|0.78329682|1.0|0.93978727|0.61795336|0.84009278|0.48586971|0.68323839|0.48279709|0.66837108|0.51334786|0.91525894|0.91697192|0.91298884|0.7579|0.76628196|0.92758715|0.65171045|0.85999012|0.80903745|0.87295896|0.75577712|0.83203351|0.80075943|0.82459801|0.78598082|0.87253547|0.85914481|0.8807078|0.90167493|0.73990846|0.87058747|0.82782531|0.82523417|0.9442634|0.83676744|0.54259187|0.88743591|0.8398999|0.76044464
Ruanda|0.1504226|0.10670944|0.076217793|0.12491088|0.1399028|0.35692155|0.11093545|0.13975325|0.066166781|0.12151721|0.15862307|0.099162117|0.12328023|0.067180306|0.16756701|0.35038048|0.12501749|0.20254745|0.10031667|0.15675658|0.081869602|0.13995177|0.11456189|0.12355605|0.060191751|0.11594985|0.33354989|0.12669006|0.1111466|0.10648344|0.50125951|0.45524389|0.39672744|0.1020727|0.12018444|0.1101895|0.19314685|0.13301626|0.092617422|0.17733061|0.07963635|0.081034608|0.10484879
Rumania|0.23506942|0.66547883|0.38499045|0.54840362|0.50155896|0.39658061|0.47961164|0.22937047|0.64159811|0.62202293|0.21245846|0.16878933|0.63582665|0.76987934|0.19597015|0.41208673|0.51510179|0.29941332|0.35200888|0.27912939|0.531811|0.53232843|0.52948046|0.14376315|0.68401778|0.6715588|0.40239561|0.65844166|0.25747263|0.294496|0.27067482|0.3119182|0.25126532|0.36838707|0.34991419|0.16253686|0.20327015|0.53657526|0.36832982|0.38122281|0.49943447|0.36508924|0.44922769
Rusia|0.38001674|0.58581424|0.43109384|0.58901674|0.58630931|0.68000829|0.52253282|0.40432447|0.75366896|0.76951641|0.78641069|1.0|0.66191095|0.67637098|0.52206457|0.17473796|0.65578747|0.51080722|0.56606084|0.44698185|0.65788513|0.54743385|0.47602147|0.51250052|0.69089556|0.78518599|0.45382214|0.26263303|0.81605798|0.79009962|0.47339445|0.47521725|0.47771043|0.38126472|0.67263758|0.67188156|0.47286481|0.24575211|0.4257738|0.42112923|0.58544582|0.64302742|0.63640583
San Cristóbal Y Nieves|0.51011997|0.46034217|0.66001463|0.45526266|0.39242697|0.74074304|0.46505743|0.58430004|0.76839906|0.4443177|0.50626653|0.5635289|0.64582449|0.30118281|0.78043711|0.56538117|0.50588113|0.70960379|0.73036778|0.606475|0.51928645|0.41854998|0.4691959|0.4434987|0.48943695|0.56600899|0.56603765|0.509951|0.59171188|0.47543484|0.65727848|0.46219403|0.7151584|0.5178287|0.57419175|0.4930259|0.63304919|0.51880944|0.54006284|0.62480748|0.42340782|0.69087237|0.41941741
San Marino|0.48585379|0.43821526|0.32421851|0.41956544|0.44837987|0.41192603|0.43537092|0.5527516|0.40358606|0.42059457|0.48154649|0.48600137|0.35572702|0.34708148|0.51528329|0.45495313|0.47258317|0.66489053|0.39737806|0.56614941|0.3606118|0.44610882|0.43058509|0.39648521|0.301651|0.42936641|0.37946957|0.49539393|0.53919798|0.44963223|0.39790392|0.4060767|0.39959964|0.4332962|0.46703973|0.48312518|0.59399605|0.48786134|0.37247828|0.55622488|0.38472342|0.37125587|0.40113997
Senegal|0.47309363|0.33139575|0.65286106|0.65225476|0.42718554|0.3998383|0.37679294|0.52937412|0.67155337|0.41443956|0.47532082|0.43202585|0.36550638|0.27521086|0.50878781|0.52097696|0.62039995|0.67465651|0.394517|0.51510692|0.36396822|0.4399032|0.40438223|0.72591954|0.30442309|0.40666455|0.63187701|0.46948081|0.51622665|0.44024941|0.35832638|0.65070707|0.35770547|0.49570245|0.39906806|0.46262565|0.60374022|0.48477632|0.60620189|0.35680044|0.52159309|0.31934497|0.60910952
Serbia|0.40440667|0.34301853|0.47762191|0.30502456|0.37031227|0.28972048|0.2898429|0.4402011|0.28674701|0.3396433|0.34675908|0.34633648|0.14443071|0.20801327|0.3699882|0.15653294|0.33000007|0.56107491|0.33022645|0.41426778|0.28199309|0.75852263|0.4407444|0.27590719|0.42914063|0.33465022|0.25268903|0.40555346|0.37406987|0.30955443|0.2937203|0.23302564|0.33361679|0.3418228|0.37554941|0.37324873|0.52203852|0.42006415|0.61677366|0.22068012|0.70016003|0.54959667|0.32887262
Seychelles|0.15772811|0.031563241|0.05612269|0.11465388|0.12030254|0.10550476|0.085510291|0.13682857|0.26511988|0.08321692|0.10746494|0.21156129|0.23034456|0.013333499|0.18051893|0.22103068|0.13587913|0.18720947|0.093829989|0.24954157|0.055940773|0.10066236|0.13210835|0.11315714|0.34862551|0.10395128|0.27309278|0.17089099|0.17802206|0.11228132|0.090525508|0.082607649|0.12140884|0.098071575|0.11410828|0.13036963|0.18943122|0.087104514|0.099575594|0.21345599|0.067303412|0.61002916|0.09788692
Sierra Leona|0.46648675|0.42469996|0.78745449|0.41045326|0.42341396|0.3627013|0.34641251|0.52556711|0.35476959|0.40786204|0.47142303|0.78585625|0.37867415|0.26599094|0.50479901|0.51717997|0.45007852|0.66165024|0.38792485|0.51126289|0.3575286|0.43329448|0.40061814|0.41333699|0.29799742|0.40285975|0.31793118|0.46568614|0.51239395|0.43632227|0.38699153|0.35541025|0.3929708|0.42351413|0.46084237|0.45882985|0.59686208|0.48078012|0.33531487|0.35033625|0.35407504|0.33872658|0.39454734
Singapur|0.22226125|0.71864033|0.4164086|0.054940943|0.10741077|0.36870015|0.49892724|0.14295185|0.49388981|0.60100198|0.59354049|0.12899694|0.58226597|0.70479453|0.40886235|0.10943637|0.3996979|0.14910471|0.52054507|0.18768795|0.5240736|0.49312681|0.25992721|0.46395063|0.53396165|0.64150119|0.23726128|0.10692918|0.44548246|0.63878024|0.40593216|0.36102426|0.68078452|0.56935233|0.678141|0.086209215|0.12594876|0.044894852|0.51583254|0.1883547|0.47031397|0.45014882|0.37251014
Siria|0.24151325|0.14099422|0.14328745|0.51811391|0.17247683|0.15986496|0.19166267|0.24481405|0.27876502|0.1907853|0.18133757|0.32281524|0.10056033|0.46662313|0.21514657|0.039985064|0.14946468|0.30608833|0.1533246|0.2532354|0.14367351|0.21649051|0.21506016|0.68375075|0.10456557|0.25281247|0.15904661|0.1942828|0.2975122|0.19061962|0.17262861|0.1254362|0.55220777|0.14892429|0.14154607|0.25295243|0.2971313|0.23171601|0.48714453|0.34430009|0.57804501|0.1191266|0.16706014
Somalia|0.35275257|0.28582963|0.49274617|0.29454917|0.32897529|0.27337727|0.27208239|0.38005728|0.29380804|0.28564897|0.33628327|0.36627626|0.25639614|0.19612795|0.37821019|0.26333681|0.33488011|0.48473734|0.25923464|0.41704458|0.23265234|0.31569749|0.30591458|0.28560427|0.18236181|0.28970748|0.24128807|0.34231105|0.40417799|0.29797119|0.27788451|0.58607137|0.26832247|0.26396859|0.3252297|0.33824858|0.43881679|0.35055983|0.26181355|0.37531224|0.22038032|0.25130144|0.73878562
Sri Lanka|0.025364511|0.26018912|0.11764425|0.35693944|0.021530537|0.0|0.0|0.029199883|0.062930457|0.029557511|0.041466717|0.024493257|0.026465744|0.023008043|0.043378964|0.18242252|0.043159571|0.050409064|0.27512047|0.059353381|0.0087484233|0.027703036|0.021840412|0.035658956|0.0095998887|0.02047929|0.00882232|0.02711913|0.029526681|0.0|0.004273599|0.0|0.18796426|0.057748608|0.5444631|0.024457701|0.073317155|0.0|0.16659403|0.10100794|0.32815203|0.35168856|0.0
Sudáfrica|0.15460858|0.63294816|0.49758178|0.14407837|0.15126881|0.67650557|0.64622194|0.25065812|0.51303661|0.19401455|0.50980085|0.22380185|0.61859059|0.66828686|0.22190237|0.38612691|0.59850854|0.32288945|0.4557876|0.22725004|0.50528145|0.63049579|0.66241151|0.158813|0.49455169|0.51368511|0.29619166|0.17379397|0.30379727|0.77349186|0.53140533|0.38914838|0.53970242|0.27615011|0.27380821|0.12127389|0.32800651|0.37118331|0.47312585|0.39933991|0.58860731|0.3227973|0.23735341
Sudán|0.27872202|0.19314665|0.45858619|0.28201568|0.17630604|0.1879729|0.18839216|0.31506771|0.14074653|0.24605943|0.21820414|0.17156093|0.049869038|0.074648254|0.30268323|0.082313552|0.1665073|0.44369781|0.20546558|0.17941678|0.21202829|0.31968024|0.25577411|0.57605803|0.56829393|0.15352109|0.62735885|0.18748304|0.24654382|0.24475312|0.20291391|0.44052649|0.55974019|0.22615632|0.19079372|0.1715655|0.34355158|0.31322548|0.17419356|0.1310685|0.7138074|0.13394079|0.23423034
Suecia|0.58157486|0.59309685|0.50080466|0.15508962|0.24183781|0.50162262|0.44238698|0.29653102|0.15328279|0.7431699|0.19635317|0.2176933|0.56788069|0.64554101|0.27744097|0.33826631|0.56918538|0.36165661|0.52849287|0.33828244|0.56304228|0.58537579|0.52592087|0.14967233|0.48360127|0.58209008|0.50750595|0.45544839|0.31930104|0.61831588|0.48076531|0.39996171|0.43982771|0.32486007|0.42954445|0.53921014|0.22752565|0.13750392|0.45493767|0.43682283|0.40407884|0.42223346|0.49244335
Suiza|0.68769044|0.6202848|0.37480557|0.17502293|0.62951732|0.43932468|0.54470396|0.1286549|0.50801468|0.72583365|0.60296464|0.014099544|0.59773147|0.66447407|0.53943503|0.36894292|0.46976882|0.212513|0.39115414|0.15968788|0.4256838|0.72687727|0.48012739|0.48705789|0.45183808|0.65089917|0.48795593|0.49050489|0.037111998|0.61342305|0.4861027|0.44956636|0.428985|0.6224519|0.77972084|0.5776664|0.13785027|0.33766019|0.32540017|0.16296245|0.33432055|0.36214715|0.48906374
Surinam|0.4921639|0.36376494|0.73690933|0.66919035|0.68537313|0.86069477|0.77197301|0.56557673|0.71982539|0.43858296|0.61812317|0.50998551|0.60510516|0.23479912|0.6841948|0.55228794|0.75148463|0.7304244|0.57295614|0.59527308|0.64866465|0.69912571|0.72383738|0.54550022|0.32067046|0.70406759|0.75220346|0.50312984|0.84137338|0.43295985|0.6932981|0.69763011|0.6854986|0.52252287|0.49152869|0.44464955|0.64518684|0.76322675|0.71921015|0.55925971|0.78403378|0.67362648|0.62506282
Tailandia|0.041635204|0.52377212|0.20668977|0.55972666|0.32103407|0.29603642|0.38433403|0.060859803|0.0|0.039481029|0.48968321|0.028053828|0.036109474|0.16056703|0.040260658|0.12630332|0.14536139|0.088833854|0.51286256|0.064730339|0.19164142|0.13214591|0.57240593|0.085681453|0.36774105|0.13728842|0.3430056|0.17684525|0.04560408|0.2561259|0.44105464|0.52898902|0.035125982|0.077784315|0.0|0.52014697|0.79136789|0.53949255|0.35340589|0.06318336|0.5817976|0.26575485|0.25423065
Taiwán|0.015242337|0.5427537|0.12463327|0.36686555|0.095772028|0.21840164|0.0099801691|0.015011707|0.1073941|0.010293317|0.0080013545|0.009694512|0.52843881|0.7523613|0.012284183|0.1333327|0.010963637|0.031407952|0.45910701|0.047129139|0.57772863|0.0043327156|0.0|0.0|0.47982916|0.42604661|0.087373428|0.01041984|0.016994767|0.34663647|0.10406318|0.26351759|0.13430181|0.042331837|0.057004102|0.48011538|0.0094210813|0.21438947|0.24701345|0.11887877|0.17252412|0.10384223|0.21161884
Tanzania|0.39457422|0.24709673|0.74387544|0.33091688|0.31239402|0.32068121|0.29800791|0.41596606|0.32429236|0.31899506|0.37566131|0.40890241|0.55335999|0.24512318|0.42380738|0.31564921|0.38471237|0.5282675|0.29544467|0.46973097|0.26490098|0.35478669|0.34697598|0.31841013|0.21175225|0.32834584|0.48363581|0.38361579|0.4402906|0.33483589|0.29072893|0.61893666|0.30143008|0.30521151|0.36381161|0.37681529|0.49378714|0.38522714|0.29456341|0.45171249|0.29197145|0.35936713|0.30752632
Tayikistán|0.10920705|0.061598733|0.047677014|0.069547422|0.1015891|0.072189726|0.0891231|0.094864443|0.20993268|0.086740822|0.094758257|0.11084943|0.12973532|0.13057387|0.12165396|0.19122581|0.091766685|0.13886246|0.054506667|0.12774198|0.048562184|0.090147391|0.081469439|0.062557623|0.44595164|0.086412765|0.064522974|0.093825206|0.098445848|0.084898531|0.059419364|0.054957509|0.076395199|0.063211732|0.068412706|0.076918691|0.14099947|0.090921178|0.044260133|0.239678|0.044933952|0.048033096|0.056262717
Togo|0.43586469|0.3892642|0.59109861|0.38528609|0.38523453|0.35987553|0.36976671|0.48436439|0.32723477|0.38021541|0.43226278|0.39116323|0.18214074|0.21168637|0.47317305|0.47880256|0.41144031|0.6157546|0.86120403|0.47252038|0.31996435|0.40265793|0.36249644|0.3807233|0.26603597|0.36716881|0.57862806|0.41633785|0.46824506|0.40517542|0.36514017|0.29453146|0.354568|0.38521522|0.42527193|0.40397811|0.55314261|0.44634914|0.46765077|0.27137229|0.34272903|0.30590266|0.36681342
Tokelau|0.43311357|0.37011608|0.29566014|0.36401245|0.40226457|0.31156763|0.30730569|0.48145515|0.36514369|0.35724226|0.42007473|0.44570005|0.31156391|0.30430549|0.45539027|0.39202738|0.36924106|0.58405125|0.30110237|0.52734578|0.3017765|0.34893751|0.39280698|0.35048759|0.24574187|0.37458199|0.27594969|0.43249816|0.47856185|0.3313005|0.33060727|0.23654488|0.30744818|0.36500561|0.4024218|0.42296183|0.52678406|0.42787296|0.30091333|0.49982145|0.30079925|0.27489725|0.34588525
Tonga|0.37067175|0.32823947|0.51600373|0.33840668|0.33195943|0.30305386|0.27789244|0.42470884|0.29084244|0.32936648|0.38276559|0.41691548|0.17369971|0.12608671|0.39136741|0.3784771|0.3625685|0.53326654|0.29821318|0.46035218|0.2494849|0.3517406|0.31962359|0.32756883|0.22181654|0.3154614|0.26575783|0.33357322|0.42313582|0.31451139|0.29994228|0.21570069|0.29762936|0.31238994|0.34549332|0.36771348|0.42117131|0.33484563|0.13309368|0.48921382|0.23442924|0.24823578|0.30471337
Trinidad y Tobago|0.78055644|0.47566074|0.63350159|0.57017028|0.70760632|0.77882457|0.88967007|0.4009847|0.7475512|0.30446836|0.71840584|0.32924095|0.81981403|0.36760813|0.6997813|0.77111757|0.7666291|0.55440199|0.62654483|0.48368341|0.72138345|0.6078366|0.75635266|0.70183504|0.65408802|0.67589265|0.7639637|0.6118024|0.77928251|0.73475784|0.7178483|0.63401425|0.67637849|0.47441405|0.80834198|0.3319822|0.50219083|0.81337124|0.7426374|0.53916484|0.73662758|0.63444716|0.67406046
Turkmenistán|0.3563253|0.28933734|0.23737589|0.30087295|0.33522993|0.27969611|0.28402871|0.38633823|0.29734832|0.28919992|0.33988431|0.37267122|0.26269674|0.20509562|0.38187876|0.26961035|0.33843127|0.48898157|0.2655437|0.42335296|0.23610094|0.68746912|0.30941644|0.29459932|0.33531815|0.2959868|0.69090044|0.3458356|0.40773076|0.30159405|0.28415397|0.53494978|0.27185115|0.27023461|0.33175993|0.34452122|0.44533807|0.35423392|0.22465484|0.38702083|0.4900825|0.21468112|0.27215558
Turquía|0.53161895|0.60049897|0.30974585|0.45174938|0.51807332|0.48765045|0.51473361|0.16444363|0.098335922|0.74973607|0.11592916|0.66605163|0.29405147|0.6161629|0.13324846|0.23124947|0.64650518|0.24494809|0.60006881|0.1146308|0.52685022|0.42133796|0.58603454|0.42737156|0.43348259|0.55427361|0.4660868|0.54091376|0.086317688|0.48190522|0.40080354|0.50635117|0.46988046|0.53908604|0.18792668|0.09530174|0.15441006|0.6167115|0.39434081|0.093866557|0.43638402|0.4920046|0.22100876
Tuvalu|0.29779559|0.27702901|0.22371081|0.29751912|0.29979762|0.25683814|0.22562186|0.37324283|0.11161598|0.29246995|0.30688101|0.35827112|0.060674094|0.05366645|0.32972357|0.32844007|0.24327609|0.47424757|0.22745137|0.40328115|0.19527391|0.30811885|0.30121148|0.29160446|0.18654674|0.29888237|0.22530413|0.33021712|0.39271784|0.27453217|0.2338551|0.19391346|0.26178831|0.26108313|0.30977219|0.34143817|0.43293956|0.28648442|0.26563859|0.35403556|0.26105773|0.17174298|0.26429057
Túnez|0.53637111|0.30138698|0.22079355|0.72413546|0.5328849|0.53525096|0.21892729|0.42152601|0.38295448|0.7818737|0.36252201|0.3100363|0.12695137|0.48424098|0.32621813|0.45951867|0.37505704|0.57185185|0.69386733|0.31871817|0.53957474|0.34219068|0.27889878|0.32461008|0.20476064|0.34626636|0.52398586|0.37380734|0.38960591|0.29169965|0.27425894|0.40979889|0.28300649|0.38808316|0.81730902|0.34727997|0.48720658|0.33176687|0.51931232|0.2271685|0.55880201|0.41579396|0.28566504
Ucrania|0.61034226|0.5268091|0.2895751|0.63068569|0.35164943|0.39252174|0.39175487|0.39701989|0.52185184|0.83774602|0.32159105|0.37586525|0.38997358|0.67361575|0.34330207|0.3955093|0.31896067|0.46449855|0.19920883|0.43424943|0.50982952|0.29619145|0.5426091|0.55042768|0.66837519|0.70126683|0.2445296|0.68362463|0.41660017|0.5866406|0.25171226|0.37076572|0.23681277|0.70087481|0.21073452|0.25579703|0.44820654|0.30643436|0.52281618|0.31630734|0.44970927|0.50605798|0.57723588
Uganda|0.098577209|0.024242714|0.035550173|0.063667096|0.075081736|0.044391103|0.32536492|0.072512329|0.044843316|0.066227831|0.11187774|0.054608867|0.042480282|0.057246812|0.097935274|0.33482867|0.072302215|0.11502104|0.045037527|0.10013169|0.036123|0.079638653|0.063714661|0.37085536|0.033416498|0.063248277|0.30954707|0.080421299|0.061733194|0.056601569|0.04604242|0.41768134|0.06917084|0.046567693|0.61317623|0.05447159|0.12222438|0.063253619|0.030669039|0.10393538|0.23168105|0.28096601|0.66647226
Uruguay|0.87058401|0.40636545|0.64872742|0.73322749|0.73740512|0.78194129|0.78202748|0.60367757|0.36850905|0.47132802|0.46526182|0.47025192|0.67903864|0.65779626|0.90803695|0.69404387|0.78409773|0.7054019|0.56956899|0.61454546|0.68680274|0.81781578|0.82902658|0.75426811|0.64110726|0.56315863|0.80433464|0.85467196|0.50853699|0.73853469|0.79645747|0.6672312|0.81441772|0.72065634|0.7092216|0.81274271|0.65782034|0.80151975|0.70849943|0.61959845|0.77750844|0.67942166|0.80530858
Uzbekistán|0.076061651|0.034631059|0.27000028|0.026497304|0.054880664|0.032442689|0.044877198|0.037178639|0.11498986|0.035586074|0.076959237|0.049422834|0.022525981|0.099931836|0.06495706|0.25697562|0.050236747|0.067392088|0.023432951|0.080445156|0.016088672|0.054012727|0.042542093|0.046068612|0.041150443|0.040993057|0.023176737|0.060482919|0.042248249|0.031043235|0.022711523|0.02236712|0.049786974|0.017888252|0.013084808|0.039621528|0.086852126|0.033180144|0.0028066281|0.15865687|0.0098717073|0.0057286518|0.02768321
Vanuatu|0.17188182|0.16488451|0.35105202|0.19336697|0.21823664|0.1841034|0.16293916|0.214432|0.19102021|0.16857822|0.16182211|0.17883347|0.056961056|0.010308152|0.20008844|0.27271971|0.18845391|0.28168917|0.14644295|0.19739239|0.11940208|0.22470039|0.21040086|0.20977432|0.088721856|0.12946242|0.16219434|0.21955737|0.23680949|0.18118498|0.15113345|0.1284187|0.17051709|0.14315948|0.18170939|0.19246893|0.33101979|0.20233926|0.15353869|0.12697035|0.15869544|0.16025776|0.17071369
Venezuela|0.98229223|0.76823676|0.85645634|0.86004484|0.84621644|0.91689503|0.97244668|0.95351481|0.84582889|0.51256001|0.91693014|0.61617923|0.83193421|0.44274175|0.87553465|0.85203892|0.94984311|0.96507359|0.80380702|1.0|0.6835016|0.89950544|0.91177279|0.91771507|0.43656433|0.81340247|0.8217659|0.83945602|1.0|0.75508904|0.80686378|0.84876943|0.75563169|0.76911128|0.99405402|0.62816465|0.7955209|0.92589426|0.90705729|1.0|0.901393|0.78861046|0.81692785
Vietnam|0.086334504|0.51666248|0.46760046|0.44502538|0.038164038|0.1725186|0.069117464|0.77671444|0.0058068708|0.0764248|0.029405735|0.77626777|0.0|0.43055636|0.0049176845|0.065233581|0.047158659|0.14418106|0.58593976|0.87959582|0.43965298|0.17170036|0.097740367|0.44694304|0.40435001|0.30649579|0.18155999|0.041293643|0.11424299|0.027505718|0.51342469|0.20004216|0.74932927|0.13967909|0.45766944|0.83298951|0.093982443|0.65964514|0.36258355|0.67704225|0.3458339|0.23188382|0.034615304
Yemen|0.30996969|0.16815381|0.55101562|0.24783418|0.2827177|0.41504163|0.23432741|0.3286072|0.22983214|0.2125974|0.27940136|0.30190441|0.4893609|0.032897606|0.33339563|0.26025212|0.29680741|0.40651771|0.21732509|0.28551105|0.13736284|0.59465098|0.26321536|0.70571232|0.15458718|0.2049796|0.2162036|0.30793726|0.34964368|0.25904652|0.22683784|0.17887092|0.22676852|0.21844834|0.28154138|0.24386926|0.38391036|0.30057901|0.34145239|0.11009839|0.65351796|0.19793643|0.22704297
Yibuti|0.30070043|0.1992386|0.34077543|0.22796944|0.22267279|0.19903263|0.45733505|0.33856624|0.17333308|0.26094314|0.2409173|0.28311858|0.039442424|0.039377041|0.34641153|0.073117718|0.60688925|0.43667626|0.17321318|0.34464988|0.17552036|0.14306872|0.16718483|0.20692512|0.12154052|0.25594699|0.50134349|0.2162067|0.34026581|0.22147036|0.18686783|0.76091498|0.20850313|0.21569702|0.23228991|0.26480108|0.30192107|0.21825084|0.075923696|0.21068819|0.50418288|0.1788699|0.1757752
Zambia|0.26259798|0.14468768|0.60030556|0.54115486|0.20642395|0.21017179|0.17047232|0.27810973|0.14934854|0.22587118|0.20317104|0.15269494|0.48291403|0.077725269|0.23255|0.37208304|0.25630456|0.37862557|0.18319809|0.18435429|0.16531026|0.27026045|0.15696377|0.24682726|0.14051843|0.16921431|0.18733299|0.20380706|0.27232397|0.21820995|0.19702947|0.49131608|0.19424748|0.30224234|0.22940214|0.27037781|0.38689986|0.2739242|0.25617379|0.13724613|0.18903798|0.16464418|0.43358546
Zimbabue|0.16677555|0.10365824|0.085912377|0.11858019|0.13691172|0.085808508|0.10231869|0.14739645|0.1834264|0.13534406|0.15021729|0.089654855|0.089650497|0.025980175|0.16477501|0.35344329|0.12911114|0.21998817|0.10885967|0.14730345|0.087032668|0.15837593|0.12018187|0.10318495|0.06588611|0.11946249|0.096496925|0.14619839|0.14208262|0.12457538|0.097793549|0.57834971|0.12449759|0.18350995|0.13228649|0.1180294|0.21219462|0.15009376|0.058098853|0.11577645|0.089408278|0.070251703|0.10849424
