Pais|Aceites y grasas|Acuícola y pesquero|Agroindustrial|Agroquímicos|Artesanías|Artículos de hogar oficina hoteles e industrial|Autopartes|Avícola|Azúcar|Banano|Bebidas|Bovino|Cacao y sus derivados|Café|Calzado|Comunicación gráfica y editorial|Cosméticos y productos de aseo|Cuero y manufacturas de cuero|Cárnico|Derivados del café|Dotación Hospitalaria|Envases/empaques|Farmacéutico|Flores y plantas vivas|Frutas y hortalizas frescas y procesadas|Instrumentos y aparatos|Joyería y bisutería|Lácteos y sus derivados|Material Promocional|Materiales de construcción|Metalmecánica|Muebles y maderas|Objetos de arte, antigüedades y menajes|Otros|Otros agrícola|Otros pecuario|Otros servicios|Papel y cartón|Plástico y caucho|Porcino|Químico|Textiles y confecciones|Vehículos y otros medios de transporte
Afganistán|0.74728984|0.16629818|1.0|0.35554677|0.23325962|0.65575337|0.73505044|0.62273544|0.86031634|0.31409815|0.40999001|0.33109754|0.54538429|0.0|0.48970377|0.098166801|0.50200045|0.26976272|0.18032873|0.15308577|0.45197263|0.42568475|0.68310815|0.082545549|0.59713572|0.82233667|0.28263634|0.46614453|0.12089188|0.51666856|0.77162534|0.39500374|0.016775889|0.56094563|0.80992168|0.19747311|0.039726876|0.43850255|0.36769038|0.056536827|0.58232081|0.93049681|0.84828961
Albania|0.29784542|0.15770838|0.63443637|0.14057153|0.2253301|0.71890664|0.61694813|0.28567672|0.24548504|0.25778243|0.56076884|0.088894501|0.49141541|0.45439553|0.50768197|0.27324647|0.76708019|0.5780912|0.17101631|0.37266052|0.47679377|0.54785436|0.66089249|0.1173757|0.40526652|0.67295337|0.3139984|0.35847902|0.1872353|0.73215318|0.5347057|0.43995541|0.0|1.0|0.42398608|0.044772565|0.025234737|0.33095455|0.59807754|0.2096332|0.34413239|0.78686166|0.69875038
Alemania|0.14635652|0.20844761|0.44292593|0.0|0.35311842|0.67324758|0.87694246|0.22970492|0.066806711|0.26961371|0.42662996|0.10655148|0.57003152|0.65197122|0.77914512|0.53114253|0.58299518|0.15977454|0.3730917|0.24172658|0.76411492|0.51659054|0.85793984|0.39242756|0.74261475|1.0|0.55444705|0.60833585|0.47664917|0.63414609|0.79875219|0.46253154|0.25558296|0.94407314|0.30737108|0.1310122|0.34061772|0.28271359|0.49378052|0.31948674|0.7146517|0.91124839|0.81828129
Andorra|0.13152337|0.35154951|0.61470395|0.030367527|0.18575189|0.50269562|0.52228707|0.25937289|0.095506668|0.0|0.66049862|0.33878684|0.37822732|0.20476332|0.60153031|0.17328906|0.7505759|0.36504993|0.5559271|0.22825336|0.42500362|0.28948355|0.63501209|0.11542919|0.47597179|0.69384283|0.53613186|0.45359963|0.48908585|0.58681142|0.57078069|0.39166328|1.0|0.41071045|0.061375201|0.082400531|0.32572845|0.30210352|0.14928159|0.24254966|0.27731955|0.67677128|0.79781705
Angola|0.69550365|0.10462153|0.6801461|0.44201565|0.35226113|0.66306376|0.89683211|0.60052454|0.50741893|0.0|0.52649331|0.37875456|0.24048465|0.19766364|0.82788384|0.71106863|0.80477226|0.22824731|0.45648247|0.29931003|0.75174534|0.63189882|0.7698428|0.070586257|0.31520319|0.88476402|0.16965926|0.58040506|0.2120488|0.64449775|1.0|0.28375405|0.12704132|0.46952614|0.72373307|0.055752885|0.1456836|0.39963996|0.56593513|0.33649224|0.4283877|0.73822016|0.84580553
Anguila|0.57126278|0.46108234|0.59715015|0.23806927|0.29534423|0.65422493|0.55600905|0.76586467|0.1965856|0.01206808|0.83153301|0.54284543|0.13770765|0.0|0.2645365|0.48773581|0.74811947|0.3713693|0.44592953|0.12095211|0.52923024|0.63378632|0.84651303|0.32804784|0.18429592|0.72182846|0.16715063|0.39657232|0.15450454|0.80664384|0.95356452|0.70745468|0.28136441|1.0|0.25199959|0.41549098|0.34474036|0.22560328|0.31235921|0.47494489|0.50634313|0.35865068|0.78935897
Antigua y Barbuda|0.36783341|0.5162425|0.90527797|0.28715706|0.26854682|0.81854481|0.63826132|0.59602243|0.16857237|0.059180561|0.8022629|0.24276705|0.3006798|0.21215151|0.22691186|0.55184275|0.72800523|0.078685328|0.57039046|0.39850649|0.49703568|0.45061308|0.61578459|0.10027168|0.75408959|0.86900449|0.47387609|0.7157234|0.32807967|1.0|0.95563096|0.66451514|0.0|0.25491142|0.14425831|0.11640646|0.018672895|0.034809209|0.31471893|0.19792911|0.43708077|0.35493165|0.77022922
Arabia Saudita|0.40150684|0.25581393|0.85571384|0.10644557|0.50657761|0.73637408|0.65527892|0.61212438|0.26907223|0.41522795|0.14084679|0.51939911|0.5821631|0.34128109|0.49296165|0.42979354|0.91156077|0.19534221|0.23014838|0.75074792|0.78924602|0.37215555|1.0|0.1699325|0.81272161|0.93077123|0.68402243|0.84143233|0.32505107|0.64182663|0.88166958|0.45994526|0.28608325|0.71560335|0.59951091|0.48044124|0.20924461|0.44452041|0.38909745|0.0|0.35432073|0.67030388|0.96110892
Argelia|0.56758535|0.1962004|0.59289157|0.2353085|0.46820039|0.5502882|0.81671655|0.27187973|0.94785011|0.28659153|0.24851847|0.45356894|0.43215024|0.64001787|0.61029983|0.53229839|0.62735128|0.30629683|0.062056363|0.40951765|0.70446754|0.68201119|0.87985086|0.21630293|0.36813581|0.8568908|0.15492617|0.8980993|0.34836692|0.67002034|0.97990984|0.3909142|0.085898869|1.0|0.83479381|0.10778512|0.16886507|0.50067896|0.77337396|0.0|0.51537442|0.78802276|0.73295581
Argentina|0.15676749|0.20109773|0.37403053|0.94910789|0.33956274|0.54001772|0.96965104|0.084792525|0.0|0.64595282|0.25375572|0.13900955|0.50350416|0.24067341|0.60328233|0.75184441|0.77082545|0.18193024|0.037839957|0.39416522|0.73646545|0.71803486|0.84994256|0.09824042|0.35408679|1.0|0.11974612|0.063587897|0.46168399|0.62022096|0.92711771|0.26891714|0.31404227|0.59000111|0.6816023|0.22545815|0.42446905|0.57073921|0.80918342|0.2952913|0.8796854|0.55285811|0.699772
Armenia|0.42932037|0.0|0.6418587|0.33333516|0.34783024|0.79487443|0.72559857|0.36493823|0.38428223|0.49506783|0.23207629|0.21773523|0.59129059|0.53335679|0.605878|0.26506454|0.77780569|0.17729229|0.14156286|0.27946165|0.65662622|0.62250245|0.82169414|0.20430759|0.41459715|0.92146301|0.29871225|0.67440403|0.31456262|0.75591731|1.0|0.44471145|0.072111785|0.16373304|0.71110022|0.11194114|0.087091736|0.4615798|0.55917132|0.12550457|0.51373327|0.84316254|0.48291844
Aruba|0.15470101|0.34103909|1.0|0.013747351|0.25719777|0.72549999|0.5428918|0.48295131|0.24132246|0.37700683|0.66293824|0.59687853|0.11049692|0.2271848|0.32650954|0.27158016|0.63453549|0.1365066|0.6135962|0.39040297|0.74775553|0.52827442|0.80082154|0.039644223|0.84446955|0.89398301|0.64833105|0.71239638|0.29526049|0.81513691|0.68029535|0.49797589|0.16874269|0.42152625|0.092599526|0.080292597|0.0|0.058518857|0.31253427|0.4354921|0.51223308|0.55553174|0.45924354
Australia|0.1699404|0.20295042|0.69095969|0.62028635|0.33452946|0.78570455|0.70331097|0.020790342|0.1490415|0.034546956|0.48068663|0.11527324|0.51352322|0.52827513|0.37188375|0.45545843|0.83103895|0.23179927|0.19045675|0.65731931|0.81605339|0.54270518|0.76040745|0.0|0.35327089|0.97552896|0.319074|0.43262339|0.59268701|0.58054835|0.72020388|0.49420226|0.2835108|0.089549735|0.13437209|0.07070215|0.39152175|0.25062197|0.64207119|0.4188571|0.26464409|0.74691224|1.0
Austria|0.21299343|0.1803903|0.64435744|0.0|0.45821744|0.80692542|0.9117552|0.1672948|0.10023454|0.24576977|0.28353325|0.042300843|0.4733302|0.2005448|0.78512168|0.51070476|0.7057662|0.13901559|0.31822145|0.6273216|0.69333863|0.5979746|0.74786592|0.36799169|0.6619817|1.0|0.33036506|0.34543812|0.53061777|0.72544557|0.93143332|0.49084222|0.3890937|0.30527574|0.26672024|0.016750004|0.40322173|0.15482281|0.6115014|0.12297182|0.54675972|0.96406591|0.76520967
Azerbaiyán|0.63533902|0.21216144|0.75441986|0.51596379|0.30529153|0.88344085|0.69191313|0.41287571|0.53522164|0.37125576|0.19654658|0.47945851|0.50181925|0.019463252|0.4594453|0.060381077|0.73521566|0.16639967|0.25198004|0.15308928|0.42672276|0.5821538|0.82645762|0.28735128|0.40087026|0.98364526|0.34288746|0.71473247|0.26518252|0.67965436|0.92915422|0.61693835|0.11272363|0.54830658|0.78999913|0.13743375|0.078962892|0.32586694|0.60016727|0.0|0.65080059|0.8476119|1.0
Bahamas|0.27066797|0.24143967|0.86569411|0.083731249|0.55957216|0.58474565|0.39548162|0.67161083|0.21408528|0.4261784|0.88950181|0.53079808|0.13652924|0.02003457|0.32475716|0.64021909|0.78135258|0.11254874|0.71321589|0.35396713|0.40918165|0.48850051|0.81973016|0.29795089|0.74605525|0.76453984|0.28416419|0.73296994|0.17492914|1.0|0.90660441|0.62113601|0.44683421|0.68615609|0.19710176|0.47130173|0.0|0.15216464|0.055995129|0.5442434|0.25687677|0.34056842|0.8508051
Bahréin|0.25228131|0.23758912|0.74269605|0.0|0.38839066|0.78883588|0.66855991|0.77385259|0.49232879|0.20085801|0.45431492|0.62676954|0.54295158|0.31370756|0.37346423|0.57861137|0.72923219|0.22468066|0.43980086|0.52730542|0.94190651|0.63927817|0.71188974|0.34054792|0.69487226|0.90992695|0.8121891|0.9229809|0.40155965|0.86626291|1.0|0.42290044|0.27769598|0.84401345|0.32857117|0.59485281|0.13043751|0.17649609|0.56357974|0.059643552|0.47222102|0.50556868|0.97234821
Bangladesh|0.61657596|0.12666294|0.67907315|0.47447085|0.32001716|0.66108996|0.83423585|0.22600871|0.58596802|0.2077595|0.34709954|0.15879945|0.40357006|0.27095047|0.42849272|0.28884757|0.69485211|0.33203882|0.091709495|0.44230783|0.7706753|0.55528587|0.5996595|0.10634624|0.80625749|0.96803248|0.46117607|0.70928383|0.38200641|0.63525689|1.0|0.24511713|0.13896868|0.84658897|0.93375194|0.25771448|0.30368853|0.56849563|0.88906115|0.0|0.86289668|0.75867212|0.52116132
Barbados|0.19136736|0.38868624|0.9314872|0.16023397|0.28777313|0.69318306|0.60311955|0.46208632|0.76130134|0.1386622|0.57659453|0.44864982|0.34674394|0.31182688|0.17722604|0.54312336|0.65111041|0.0|0.27435738|0.33158565|0.56252682|0.82040548|0.61522377|0.036248758|0.67613989|1.0|0.069823176|0.70907587|0.25800934|0.77813935|0.73449039|0.48428398|0.11600289|0.20983046|0.40139028|0.41624594|0.02097914|0.23607643|0.36005968|0.22344549|0.37452421|0.42829698|0.86332333
Bielorrusia|0.22692403|0.53424847|0.58302009|0.083751924|0.31967494|0.69970673|0.8484056|0.19375885|0.071315244|0.26955646|0.41044939|0.13229963|0.44811538|0.057777792|0.56454933|0.16125667|0.67277181|0.33931559|0.11450905|0.50272381|0.61783588|0.48864135|0.83304787|0.80223429|0.4282999|0.91803706|0.28574336|0.0|0.37911651|0.55030376|1.0|0.24310708|0.14750081|0.64373571|0.59786892|0.033825755|0.18162712|0.46658453|0.76724482|0.30003744|0.7309401|0.78038633|0.63072336
Belice|0.75652784|0.024280299|1.0|0.82574481|0.32765102|0.83821839|0.59450954|0.2400009|0.040202662|0.18894121|0.5420137|0.059537075|0.34986997|0.16845325|0.70474285|0.72429079|0.80467844|0.51777607|0.62507993|0.50501001|0.45323312|0.77002227|0.67998099|0.15060924|0.20320991|0.64859521|0.27922511|0.86902487|0.36443603|0.66104674|0.78568649|0.42356521|0.12642294|0.21767676|0.26565439|0.10278206|0.3124997|0.38710082|0.29698852|0.0|0.40824166|0.57684731|0.476919
Benín|0.78125036|0.72473449|0.94638789|0.88133848|0.44186962|0.64503527|0.71073759|0.79348117|0.56665975|0.02887084|0.54652065|0.057039358|0.23483279|0.32435602|0.3995114|0.37207949|0.51120102|0.18302117|0.24762729|0.41481769|0.48728591|0.74135208|0.85422659|0.042736314|0.46029153|0.81054258|0.097861767|0.38734591|0.30614817|0.75778782|0.93027496|0.34721702|0.13356981|0.0|1.0|0.26584157|0.15401953|0.29362437|0.58281344|0.07225465|0.52701849|0.59905171|0.83335012
Bermudas|0.15087631|0.40041468|0.75855732|0.0|0.26860765|0.72526634|0.51996577|0.43047452|0.12672523|0.17310002|0.74081784|0.41316438|0.32341969|0.094141528|0.3555733|0.33696777|0.60304374|0.051435821|0.68108451|0.37359166|0.56125826|0.2510227|0.53911579|0.035326257|0.64785707|0.62365472|0.48937929|0.50289357|0.28068852|0.77769291|0.38751063|0.57780159|0.58982754|1.0|0.081008516|0.18956812|0.13894597|0.017221641|0.22207484|0.11176002|0.29352185|0.47250092|0.66510171
Bhután|0.73305261|0.42908069|0.79822862|0.25901517|0.32001692|0.69214761|0.63984388|0.48917425|0.47215813|0.0|0.4530527|0.28033519|0.23781811|0.016500356|0.37838697|0.1877808|0.57705063|0.10627478|0.090038598|0.22210735|0.56421018|0.61591995|0.67941761|0.056543503|0.35711443|0.90733111|0.15347163|0.85814244|0.51184195|0.70840573|0.83627993|0.76496398|0.038660757|0.20617631|0.66191161|0.11840016|0.070198111|0.41264546|0.52747005|0.33956054|0.3982009|0.87694198|1.0
Bolivia|0.22785944|0.2858479|0.81419492|0.91177559|0.42093951|0.85539973|0.79437065|0.44425964|0.040136442|0.19644973|0.34723848|0.14578445|0.6788373|0.0|0.62922168|0.70905727|0.93528903|0.25599292|0.10279897|0.64842188|0.96302748|0.72618634|0.97793466|0.18284191|0.33452919|0.8848021|0.26850176|0.4646163|0.49533299|0.66083467|1.0|0.29899031|0.16436397|0.39920002|0.38291153|0.31681627|0.48096484|0.55031848|0.75968373|0.12651826|0.60609186|0.57704455|0.83428079
Bosnia|0.2914263|0.15088885|0.83894968|0.25281453|0.19953611|0.72133279|0.46487713|0.065654978|0.45282531|0.38796216|0.58614814|0.57169265|0.73324275|0.4206267|0.55829525|0.23971143|0.79007494|0.53673244|0.40836382|0.48161328|0.65729749|0.62248182|0.82338095|0.11895262|0.50436151|0.93992555|0.21234822|0.52408129|0.27168754|0.69294935|1.0|0.34281653|0.040369481|0.020804945|0.31240237|0.0|0.1320831|0.43454719|0.85438496|0.36856765|0.18217257|0.89238071|0.75371921
Botsuana|0.49736911|0.25728494|0.86015284|0.23175898|0.40766653|0.81907153|0.60011673|0.35275385|0.65163857|0.14154515|0.7897681|0.087265924|0.18716584|0.022707041|0.51233679|0.47449905|0.74134231|0.38303313|0.24426842|0.32323015|0.71850181|0.55911905|0.83438921|0.0|0.52488184|0.88161659|0.2125825|0.45020342|0.29416588|0.57128179|0.80383468|0.58808744|0.15610214|0.31053668|0.69587666|0.053396218|0.33978987|0.20008756|0.43752861|0.10017341|0.27607253|0.42126593|1.0
Brasil|0.62353313|0.39953923|0.44915229|0.91620219|0.23881704|0.52279305|0.83194691|0.20787121|0.083841242|0.28329808|0.46293229|0.26886389|0.58639646|0.0|0.33384287|0.49277765|0.5696736|0.14966196|0.19009557|0.38335997|0.781075|0.54042011|0.87489671|0.22537223|0.55462086|1.0|0.30133867|0.63630056|0.25409758|0.706954|0.75609702|0.12783591|0.47708052|0.10797174|0.370841|0.43272063|0.34682393|0.16823587|0.728001|0.31875962|0.90266204|0.50935817|0.60157609
Brunéi|0.3959651|0.59762263|0.8483696|0.17523831|0.3294276|0.66758275|0.69865286|0.13320033|0.22145249|0.28131229|0.54656225|0.3828522|0.51538014|0.31547111|0.29439175|0.75393128|0.77374887|0.068417847|0.43372431|0.56070638|0.45624915|0.48850659|0.8053863|0.053228807|0.73975289|0.81890279|0.19134106|0.711981|0.35391393|0.6800859|1.0|0.23528969|0.0|0.14916098|0.50290078|0.086711168|0.11207652|0.26012808|0.42007899|0.20601723|0.53173417|0.3705948|0.65421164
Bulgaria|0.14232707|0.055507977|0.56972378|0.41400594|0.20361796|0.60099876|0.66581011|0.18642533|0.34930164|0.088023916|0.54433239|0.12583126|0.69373465|0.45501634|0.4802385|0.1604411|0.74095666|0.1728344|0.26672813|0.46769172|0.51518947|0.44140923|0.90305579|0.0|0.50097203|1.0|0.28152433|0.61427283|0.29945785|0.63141912|0.93119222|0.23369895|0.11059822|0.8397218|0.32223812|0.040436253|0.023517238|0.36634025|0.80068934|0.78547662|0.64787149|0.58274198|0.72445321
Burkina Faso|0.39887208|0.36759859|0.77773029|0.63160384|0.26047641|0.64580822|0.86036801|0.30362198|0.53032959|0.17004463|0.44102448|0.18299568|0.21601568|0.38123012|0.42693201|0.54265159|0.50747073|0.27766925|0.15452391|0.61755121|0.71027833|0.75955641|0.91897082|0.029733188|0.23592624|0.87571812|0.080504|0.59330857|0.29059714|0.73186409|1.0|0.33324295|0.20233268|0.0|0.47839874|0.098192543|0.12355058|0.3477329|0.57078922|0.063945666|0.68568969|0.55571145|0.81357163
Burundi|0.43892616|0.18481398|0.61570799|0.83502913|0.31953335|0.74334866|0.76571023|0.1333136|0.86397839|0.033194568|0.53441948|0.26888007|0.21994418|0.0|0.66049218|0.67689764|0.69460428|0.39577353|0.49358994|0.28837124|0.78068018|0.79775763|1.0|0.10692737|0.23387536|0.92722154|0.16260964|0.36594468|0.37919334|0.57126838|0.98463821|0.34914014|0.30250353|0.24694034|0.54916012|0.33493796|0.41922605|0.47142079|0.51827639|0.060196273|0.59091938|0.64011347|0.80971563
Bélgica|0.48882794|0.33423662|0.43266594|0.16470136|0.14522591|0.52771819|0.78398377|0.2493296|0.078089908|0.59044015|0.40455383|0.059063226|0.60606503|0.3644022|0.41699761|0.28226668|0.56788337|0.095738538|0.39233726|0.26414645|0.44654405|0.62229705|1.0|0.18548757|0.55349904|0.76610816|0.10771775|0.66019219|0.35137036|0.45863235|0.75034761|0.51463002|0.22148417|0.0|0.63791341|0.2358152|0.12509659|0.31928128|0.47102502|0.044524726|0.68660057|0.50261939|0.92173225
Cabo Verde|0.57408834|0.12037218|0.86501539|0.21347377|0.476439|0.89682168|0.51773155|0.6964072|0.53455478|0.18414606|0.61798418|0.31684518|0.33624732|0.42582059|0.2401363|0.37859678|0.60360897|0.14131059|0.64938986|0.36615628|0.63226819|0.66331053|0.72534227|0.10778049|0.80776602|0.8233757|0.15963943|0.84740508|0.30387133|0.91169345|1.0|0.73739535|0.22805986|0.0|0.67900884|0.095167451|0.27134174|0.25843903|0.44202393|0.39658636|0.45768499|0.54712772|0.95596564
Camboya|0.10812694|0.12010895|0.85485119|0.60465753|0.4227367|0.58090466|0.84071386|0.14204329|0.27586761|0.065790735|0.67955232|0.29394075|0.19355221|0.26325947|0.49446985|0.36438173|0.62352777|0.66473597|0.1805238|0.43997926|0.55911601|0.77685511|0.53569752|0.015217078|0.22099578|0.88294941|0.31343162|0.45956838|0.40996683|0.71814299|0.94049394|0.3910948|0.081526384|0.20586808|0.16643652|0.028849294|0.0|0.69298571|0.81716979|0.24686143|0.50904894|1.0|0.79542148
Camerún|0.4313693|0.53413504|0.61890042|0.55083585|0.3716619|0.74007148|0.64322197|0.30797887|0.57972622|0.0|0.59765953|0.13373561|0.065586373|0.042215925|0.7612797|0.52016932|0.32322043|0.33717516|0.23499411|0.21365982|0.40774521|0.49582064|0.691715|0.15206632|0.24881786|0.78672969|0.18838717|0.46104467|0.28576854|0.67924583|0.72748184|0.26754773|0.029382311|0.35443351|0.71336389|0.11613511|0.17642313|0.38830015|0.56431454|0.090598479|0.44771838|0.80840528|1.0
Canadá|0.25507534|0.41074556|0.68731904|0.48603541|0.27683985|0.84738594|0.8046267|0.022847194|0.19319162|0.31133729|0.72712409|0.29383761|0.52210838|0.39791352|0.24015695|0.46088779|0.75457764|0.16757363|0.47352666|0.50220096|0.59510368|0.66627687|1.0|0.076194897|0.81965721|0.88569218|0.21138969|0.17974573|0.56672704|0.63523662|0.9059242|0.37971562|0.0|0.42353272|0.14201383|0.2270831|0.15474829|0.32921731|0.62093675|0.12091047|0.83492494|0.78244019|0.92759049
Caribe Nep|0.0|0.0|0.0|0.0|0.0|0.0|0.0|0.0|0.0|0.0|0.0|0.0|0.0|0.0|0.0|0.0|0.0|0.0|0.0|0.0|0.0|0.0|0.0|0.0|0.0|0.0|0.0|0.0|0.0|0.0|0.0|0.0|0.0|0.0|0.0|0.0|0.0|0.0|0.0|0.0|0.0|0.0|0.0
Chad|0.4507682|0.26619551|0.80033505|0.56034237|0.16848186|0.47254437|0.64890993|0.36249202|0.39974695|0.012287349|0.57242888|0.33546019|0.53890073|0.0|0.74607301|0.78432274|0.69179726|0.31812781|0.25247401|0.28693429|0.62785077|0.58918822|0.92071438|0.025282023|0.41240048|1.0|0.34962744|0.42698312|0.19995335|0.49092972|0.75913572|0.18426839|0.2358132|0.52332991|0.15543026|0.13709167|0.047542445|0.12402324|0.66424572|0.21336201|0.50864989|0.6791141|0.71534121
Chile|0.58273077|0.091239125|0.69555378|0.4623912|0.14111054|0.70833987|0.66093862|0.21447182|0.31884751|0.15688343|0.33602548|0.77639961|0.41105121|0.04009556|0.55701458|0.37321633|0.80517393|0.17792062|0.072372377|0.42481056|0.75457036|0.62348199|0.82043803|0.0|0.22862621|1.0|0.11328863|0.52957463|0.39643979|0.49518353|0.56966066|0.053212713|0.20195191|0.29888892|0.51630962|0.12886539|0.28415591|0.26916161|0.60893911|0.35111597|0.44841564|0.6739347|0.72284198
China|0.53667861|0.46745369|0.57077646|0.06613066|0.35302544|0.28477561|0.67502213|0.42625737|0.31220189|0.2554926|0.44527709|0.59989417|0.22499081|0.19794515|0.41202909|0.24063754|0.86422491|0.20990247|0.0|0.38269129|0.79070914|0.26876873|0.77306736|0.026291315|0.36704999|1.0|0.52447575|0.55495918|0.11514753|0.32756978|0.81330979|0.3407585|0.49743718|0.39565027|0.74034911|0.29942033|0.15645617|0.69235402|0.89816535|0.72582996|0.66006452|0.17691538|0.61728698
Chipre|0.0897706|0.26998639|0.87875205|0.16642593|0.41708869|0.84085339|0.72713685|0.23152427|0.282215|0.0|0.65433633|0.20227724|0.46056697|0.31049752|0.59434563|0.54416716|0.75286388|0.063956916|0.49538377|0.67680168|0.71156871|0.55784589|0.69238067|0.11782093|0.50872326|0.80707538|0.33063105|0.61151695|0.39104426|0.82044399|0.79205328|0.52947581|0.1402671|0.36857113|0.34351727|0.039710436|0.2435683|0.17913139|0.47572416|0.21638247|0.4321501|0.57395685|1.0
Comoras|0.53112388|0.49874446|0.77562463|0.2951588|0.28252298|0.70940673|0.44163352|1.0|0.5431636|0.034495138|0.69727027|0.72436655|0.42684343|0.34742472|0.51368284|0.3651081|0.58261782|0.25888801|0.21230337|0.33314377|0.45906532|0.39232606|0.67889547|0.013038932|0.56921816|0.64764833|0.059913166|0.83048582|0.24410695|0.63461375|0.78766155|0.62017155|0.22877887|0.0|0.803891|0.40831548|0.16183072|0.1979692|0.1366486|0.11816874|0.1755136|0.48577872|0.94565141
Congo|0.73679399|0.75728154|0.81529111|0.3823691|0.25557476|0.57564151|0.70015168|1.0|0.28575757|0.0|0.47944134|0.59815854|0.32246327|0.10740059|0.30323583|0.61566412|0.88277346|0.14957586|0.414572|0.51014364|0.53331536|0.63874674|0.78132665|0.059498772|0.39552724|0.90681607|0.17845276|0.65522552|0.19273996|0.79588276|0.98426139|0.12083641|0.36758462|0.49549869|0.72373903|0.44210809|0.23501816|0.33636528|0.45632762|0.86260682|0.55658901|0.35290524|0.95703363
República Democratica del Congo|0.0|0.0|0.0|0.0|0.0|0.0|0.0|0.0|0.0|0.0|0.0|0.0|0.0|0.0|0.0|0.0|0.0|0.0|0.0|0.0|0.0|0.0|0.0|0.0|0.0|0.0|0.0|0.0|0.0|0.0|0.0|0.0|0.0|0.0|0.0|0.0|0.0|0.0|0.0|0.0|0.0|0.0|0.0
Corea, República Popular Democrática de|1.0|0.30825511|0.92245674|0.55250794|0.45847246|0.52368182|0.5725016|0.34365588|0.87414646|0.35583916|0.42495987|0.18523104|0.26489505|0.36856258|0.59829545|0.047920119|0.49376479|0.32850033|0.44513038|0.29404461|0.39430445|0.62106311|0.65783775|0.15048823|0.50598657|0.22461626|0.69566208|0.40806556|0.23783749|0.67134309|0.10476966|0.47278777|0.0|0.069208004|0.72466278|0.64410079|0.27749175|0.58513141|0.73850346|0.081758946|0.70995182|0.86015737|0.16639334
Corea del Sur|0.32990676|0.78826404|0.65899682|0.086222135|0.43960059|0.7001642|0.61687231|0.12376699|0.30049518|0.18740188|0.31302887|0.82459784|0.15911023|0.35673088|0.68819797|0.10405603|0.27398241|0.73933947|0.17455527|0.24639928|0.72413802|0.42630821|0.76612103|0.05124227|0.46371305|1.0|0.57808322|0.3434999|0.60419416|0.38241309|0.88357389|0.59105378|0.40784544|0.0|0.52741355|0.2876952|0.26197994|0.37011001|0.54135859|0.55513334|0.85424268|0.80214059|0.49966508
Costa Rica|0.44540495|0.51692742|0.75667143|0.65817082|0.28396749|0.73861045|0.58690619|0.19436362|0.076179162|0.0|0.47761354|0.24169189|0.50218499|0.32807755|0.53819728|0.5566988|0.88691282|0.17635721|0.37983844|0.26321062|0.87257981|0.8580271|1.0|0.088098817|0.43134657|0.93471843|0.3553918|0.31306097|0.41338164|0.7724489|0.81279474|0.39955622|0.11083145|0.12700142|0.71531796|0.034959357|0.29770279|0.61854404|0.83301997|0.21556798|0.6359762|0.60049295|0.46532464
Croacia|0.1677672|0.093124576|0.73279923|0.12716001|0.32282388|0.79893267|0.67841876|0.19892836|0.21337678|0.26719469|0.51171863|0.54378504|0.45835668|0.11385329|0.66390145|0.18271133|0.78449464|0.37930512|0.39764971|0.49493569|0.62405694|0.47627813|0.87856239|0.22765486|0.5310961|0.9131192|0.29611647|0.5858072|0.4111495|0.74494386|1.0|0.34527957|0.049480341|0.0|0.15536518|0.031514779|0.14128593|0.35972726|0.64098608|0.69943869|0.55671018|0.84584296|0.89395821
Cuba|0.34481835|0.21783938|0.54998368|0.42333817|0.31205404|0.75216532|0.85346544|0.83076537|0.023317104|0.11338226|0.4944979|0.1668275|0.28264523|0.36623442|0.4561699|0.52426159|0.6851241|0.13592419|0.38748458|0.19324623|0.5115993|0.65786797|0.59474993|0.0|0.47193488|0.91655165|0.078551777|0.77704072|0.24129203|0.80727631|1.0|0.29954982|0.17978528|0.715312|0.79392231|0.047843076|0.096508667|0.4071303|0.57653797|0.14981508|0.61947972|0.4425267|0.6448642
Curaçao|0.30417395|0.44643432|0.89810419|0.076756112|0.26865435|0.79753417|0.54636019|0.53357065|0.13023837|0.2527568|0.85754007|0.57467091|0.17737678|0.016006278|0.28703055|0.35353711|0.68304312|0.15054271|0.64276361|0.20048511|0.62355822|0.48750842|0.77732956|0.089943871|0.75986147|0.87694657|0.34033936|0.61115372|0.38449365|0.73258328|0.84201956|0.59107339|0.0|0.21430765|0.36858118|0.061565079|0.10213451|0.22914045|0.32831827|0.41336671|0.49987715|0.65547347|1.0
Costa de Marfil|0.41859025|0.94841313|0.76645499|0.73396134|0.2725614|0.79329276|0.69097483|0.4808737|0.59365374|0.0|0.67785668|0.31879252|0.051310979|0.078775942|0.65254676|0.5041135|0.37332922|0.30488282|0.18676133|0.15568024|0.43262619|0.55121773|0.81361794|0.17388231|0.29058394|0.92817605|0.24699557|0.4445762|0.36009097|0.6352483|0.97059834|0.46339589|0.035139244|0.33788002|1.0|0.20990935|0.12820201|0.61039275|0.51755482|0.40413526|0.58034587|0.83404279|0.66564095
Dinamarca|0.30158404|0.54821217|0.60361129|0.042406932|0.36434972|0.75656682|0.67715442|0.17574981|0.020487752|0.0|0.66039968|0.42399877|0.33864927|0.20199588|0.48802549|0.40986276|0.57116067|0.10071257|0.50492871|0.46279508|0.6440565|0.62864852|0.7295742|0.26568791|0.58865416|1.0|0.28272477|0.38028949|0.39411384|0.80469275|0.88578147|0.70392185|0.24570762|0.14969391|0.054524556|0.1355125|0.16281217|0.21472366|0.53541887|0.068230577|0.31759834|0.84548581|0.86719322
Yibuti|0.96105134|0.063624859|0.45354953|0.90580511|0.53719485|0.66946834|0.58897746|0.23179653|0.75834239|0.0|0.3338491|0.088610634|0.21549663|0.28321499|0.78536171|0.47163904|0.65754175|0.29562041|0.15754439|0.26895118|0.38217843|0.48733062|0.51055729|0.018268229|0.5708285|0.64408976|0.12037876|0.31196493|0.25536594|0.83166426|0.84467149|0.61807054|0.14502071|0.5524404|0.40116745|0.036794454|0.075879559|0.36707336|0.72938263|0.049897164|0.43275177|1.0|0.69480312
Dominica|0.27075171|0.1443654|0.58751523|0.28491154|0.48340237|0.53318429|0.55097651|0.72135437|0.49536762|0.20975532|0.60329527|0.055954963|0.29922941|0.16399837|0.31729823|0.37334129|0.42740363|0.12766577|0.45808154|0.35236689|0.67502892|0.47032112|0.51175511|0.019072233|0.33212948|0.76554269|0.2256673|0.64507878|0.17683487|0.7001102|0.65727216|0.6241945|0.11396375|0.87412715|0.23994687|0.10165488|0.0|0.082905382|0.44588643|0.2585353|0.19471136|0.39368498|1.0
Ecuador|0.39050603|0.1997427|1.0|0.88296843|0.41865373|0.67260742|0.72538561|0.27114224|0.074207649|0.1110605|0.40625814|0.042150032|0.37141919|0.22975513|0.59578264|0.66010958|0.86814934|0.1711777|0.12390928|0.48193932|0.7920897|0.53456855|0.98405647|0.30686957|0.45077527|0.92581701|0.28555974|0.09302859|0.33934215|0.55380315|0.83994472|0.15908355|0.13712102|0.64553559|0.6299845|0.32261956|0.35266244|0.50119781|0.76022857|0.0|0.69229209|0.58315718|0.85306811
Egipto|0.75128102|0.57907927|0.49443507|0.26633343|0.32719958|0.41313803|0.72813565|0.18441623|0.38400823|0.0|0.12599832|0.90649664|0.54572058|0.61667466|0.29303634|0.48151225|0.45931998|0.080932707|0.10273343|0.51606733|0.67295182|0.53089678|0.92660272|0.30971092|0.39877954|0.80179989|0.36270791|0.64417088|0.27850384|0.56649256|0.96619135|0.43502712|0.34516424|0.81880605|1.0|0.2391184|0.20810559|0.71087885|0.83982933|0.027138341|0.85594016|0.59373188|0.6937899
El Salvador|0.54051524|0.12645334|0.89400637|0.4428401|0.19173872|0.75297761|0.51166546|0.17783242|0.0|0.3213129|0.37647504|0.67707181|0.33802968|0.068507373|0.39869821|0.41593751|0.84393024|0.10982588|0.47959965|0.49281526|0.65898693|0.59146273|0.88093781|0.082713395|0.64273369|1.0|0.21614355|0.78084111|0.28775316|0.55687702|0.73720127|0.25224423|0.015618909|0.3093273|0.60592914|0.039087981|0.2301017|0.46726295|0.70447093|0.15681732|0.62518001|0.57097858|0.52531892
Emiratos Árabes Unidos|0.17075925|0.21553814|0.31778532|0.069804028|0.38954931|0.73073566|0.71215051|0.36521477|0.15467879|0.11533321|0.4485985|0.33890212|0.26583913|0.037191875|0.52173889|0.017231695|0.53671205|0.41964608|0.050170921|0.22824895|0.49723011|0.24876834|0.65391421|0.10191952|0.54919392|1.0|0.82384831|0.43440461|0.59057844|0.61752093|0.75221777|0.48065472|0.57134116|0.14064588|0.4616043|0.30398506|0.19592497|0.40689015|0.37712005|0.0|0.50944513|0.79779816|0.7844826
Eritrea|0.70216858|0.25569439|1.0|0.64514506|0.23664856|0.63025045|0.8099767|0.29526138|0.84870589|0.033293635|0.35101569|0.53860223|0.18387392|0.0|0.31699818|0.42577723|0.36725646|0.33714208|0.27036014|0.055211756|0.7301814|0.48332429|0.78528309|0.019963834|0.49946988|0.66623044|0.10059957|0.40724516|0.21888047|0.47106338|0.83674598|0.38015425|0.20056365|0.52359414|0.76531225|0.14274989|0.085271806|0.44768307|0.61517197|0.11975753|0.60170233|0.58860523|0.5648514
Eslovaquia|0.092723727|0.07060349|0.56590807|0.12793756|0.27144793|0.53735471|1.0|0.29094058|0.05491399|0.34491295|0.40351519|0.11588249|0.59474242|0.2229872|0.51978338|0.36508852|0.63930172|0.14269599|0.45619613|0.43726352|0.58032101|0.47394228|0.73359603|0.20719361|0.48744214|0.77477652|0.17634654|0.5026859|0.41851574|0.7167263|0.74690819|0.54991782|0.16093123|0.38619232|0.032314543|0.0|0.23520115|0.19112808|0.70274699|0.6641112|0.30437964|0.6223594|0.31833348
Eslovenia|0.21132122|0.19323404|0.7486856|0.22749928|0.26533407|0.55375117|0.82645702|0.071648784|0.13891955|0.49093074|0.39054072|0.11979561|0.56615639|0.35277313|0.64227194|0.24578236|0.70264328|0.3168464|0.44058144|0.46413827|0.71908092|0.6123575|1.0|0.3340497|0.57891548|0.83934838|0.27991784|0.53047889|0.42645532|0.65600538|0.95918882|0.40640876|0.15257025|0.039834943|0.17820531|0.0|0.1659455|0.69046414|0.85598326|0.51816362|0.78192806|0.67746663|0.62826842
España|0.52138984|0.82042289|0.69432914|0.15901391|0.21365191|0.64520514|0.85782647|0.049440209|0.23767903|0.0267311|0.11337918|0.17829707|0.31106055|0.37058204|0.45006111|0.20076039|0.47546899|0.33770767|0.068371609|0.38417178|0.72203666|0.41037205|1.0|0.013480153|0.48770604|0.87853336|0.2893348|0.50398737|0.62631857|0.35217157|0.90165687|0.4281247|0.13666628|0.74247462|0.5604412|0.080849573|0.25045079|0.32529002|0.6598264|0.0|0.91672575|0.95884502|0.54599589
Estados Unidos Minor periferico Islas|0.11396585|0.63779062|0.70209932|0.054768719|0.32244045|0.39109081|0.61209923|0.13819604|0.76568508|0.37872189|0.79190856|0.23334208|0.53279185|0.0|0.41307127|0.27513367|0.68260658|0.81765294|0.51267433|0.4688566|0.65314883|0.43033165|0.18309265|0.5773924|0.35258937|0.62436926|0.74648845|0.44714564|0.34007737|0.58950317|0.49794829|0.55139238|0.098674081|0.48266155|0.15245329|0.16871282|0.25983471|0.19647565|0.30202374|0.24596325|1.0|0.36585158|0.71567249
Estados Unidos|0.3038395|0.57983184|0.49762675|0.13710104|0.45422846|0.78258431|0.63579798|0.0|0.24621178|0.34819591|0.66532612|0.36799157|0.2918804|0.44166771|0.46960971|0.085676536|0.390284|0.33127618|0.15008649|0.23022868|0.64842236|0.42853671|0.98460257|0.1951835|0.60014081|1.0|0.6924926|0.10789131|0.71175909|0.67929423|0.7672289|0.8024646|0.31892025|0.61311293|0.057241865|0.26075464|0.21781644|0.17648983|0.40805236|0.044953067|0.56439108|0.73373616|0.83321238
Estonia|0.36436662|0.13930191|0.68146729|0.46282983|0.29532337|0.75743139|0.57332593|0.31753314|0.10401315|0.21543947|0.53808546|0.066995978|0.61520714|0.16851163|0.51200056|0.24897262|0.79610264|0.085721307|0.42777902|0.60223019|0.58871591|0.55103278|0.82802141|0.23648292|0.66505706|0.64571059|0.26496574|0.34471673|0.37982896|0.6337564|1.0|0.49735773|0.11934781|0.81468213|0.034916908|0.0|0.18197298|0.194534|0.73669291|0.39892077|0.44271111|0.71597296|0.90547824
Eswatini|0.44279462|0.27836466|0.79027295|0.60692877|0.37657997|0.6351223|0.80343008|0.5516144|0.0|0.11039213|0.77728736|0.40668333|0.25291252|0.087674864|0.58645773|0.5121721|0.62205911|0.31662783|0.42024952|0.34336632|0.72495139|0.7006681|0.9056437|0.21044746|0.53353703|0.85909915|0.18162453|0.4589867|0.16345209|0.74035102|0.75454265|0.23520032|0.22262684|0.49889612|0.92096788|0.26600081|0.13157859|0.29567629|0.38875726|0.19401877|0.66748762|1.0|0.57072759
Etiopía|1.0|0.2099635|0.70322835|0.90797102|0.33076584|0.59686154|0.6735307|0.36380696|0.80650693|0.031603035|0.28984615|0.11458465|0.34345853|0.0|0.5683738|0.47270361|0.55303001|0.30834639|0.17217156|0.19176804|0.68843234|0.50849992|0.93636096|0.24805921|0.43691254|0.72568667|0.27053988|0.49327603|0.37931329|0.62907183|0.96302205|0.39823085|0.14648408|0.085107893|0.88176358|0.4503395|0.22951423|0.41470182|0.77639508|0.15957025|0.64451689|0.7945469|0.84825605
Fiyi|0.70297122|0.31567463|0.84505343|0.42528254|0.28955269|0.63224435|0.67482537|0.38096923|0.44153568|0.1732574|0.33622706|0.36103207|0.3987928|0.10602441|0.26581639|0.52358824|0.87347955|0.0|0.058726214|0.49263608|0.75633585|0.7754336|0.74402541|0.12546019|0.89068317|0.79268742|0.15686917|0.93483371|0.24603459|0.6613971|1.0|0.20660877|0.046086919|0.19128494|0.9724499|0.64619815|0.14461914|0.68917435|0.80861217|0.020938694|0.46284539|0.5427196|0.91146553
Filipinas|0.5047797|0.23600799|0.80718541|0.48200059|0.19852203|0.72301424|0.56117755|0.30997229|0.26461872|0.12810989|0.46276495|0.38160917|0.44545269|0.1631017|0.35577857|0.41387582|0.68012041|0.14516717|0.21808541|0.7359376|0.54497403|0.60227084|0.69539517|0.065672949|0.40179217|1.0|0.3690058|0.76731628|0.27987501|0.62600982|0.9258846|0.33812726|0.10549112|0.0|0.66043031|0.047427706|0.18167445|0.57916623|0.79159647|0.32260147|0.70892715|0.53023434|0.8293575
Finlandia|0.51653516|0.37528652|0.69236803|0.12362482|0.32542667|0.71534693|0.95761305|0.0|0.15747879|0.43435708|0.60640109|0.17129338|0.42154944|0.56503493|0.49301684|0.27653158|0.64094186|0.18828169|0.34282941|0.44661766|0.72805846|0.6196357|0.79100204|0.2982026|0.655007|1.0|0.22512305|0.35501167|0.46606386|0.81517684|0.92511344|0.40897402|0.20415336|0.9421643|0.13612325|0.03543438|0.39031166|0.06383501|0.57946444|0.10131384|0.54080176|0.75175881|0.77789915
Francia|0.22955194|0.5118472|0.62057161|0.11439162|0.32498839|0.80820644|0.76918888|0.1976748|0.098492272|0.12646177|0.29717937|0.17682847|0.63782525|0.3575272|0.74869519|0.39477515|0.49608454|0.28122389|0.52560139|0.6864357|0.86305511|0.78614008|0.70771492|0.25713363|0.72736776|0.98451471|0.45217493|0.53801024|0.46606922|0.83308625|0.96861708|0.48323596|0.34039098|0.0|0.13916843|0.21668495|0.37374249|0.31003058|0.56860328|0.062822066|0.58998406|1.0|0.67201519
Gabón|0.20925426|0.79235303|0.76064855|0.36858267|0.41085702|0.7322548|0.81145322|0.90456176|0.30867255|0.018965492|0.52517354|0.59527779|0.22761969|0.0|0.55179399|0.14331517|0.47642484|0.33669639|0.62385106|0.24091312|0.4481636|0.60760105|0.83130407|0.16332501|0.50744027|0.85591817|0.032374103|0.7123512|0.295708|0.65707469|1.0|0.12915267|0.38780734|0.092148237|0.88580424|0.19041407|0.058655664|0.25974408|0.32420841|0.56650329|0.48956323|0.53716719|0.94223785
Gambia|0.77708268|0.07896392|0.84057093|0.38015381|0.26008171|0.66135818|0.58259994|0.59779203|0.80887318|0.029182617|0.49503636|0.27969959|0.3369208|0.32122234|0.40134126|0.61475128|0.5230211|0.15806529|0.23053488|0.43627661|0.69671589|0.55593699|0.4647091|0.0|0.41588226|0.71223354|0.12362352|0.64808977|0.24246526|0.72643816|0.79331762|0.56834233|0.17135188|0.013897411|0.67743856|0.10526796|0.19889426|0.29521853|0.3527846|0.1437583|0.36544675|0.50998312|1.0
Georgia|0.4192577|0.12106495|0.90211368|0.25230488|0.43275285|0.76544154|0.78555632|0.55587554|0.68495464|0.19021407|0.14184223|0.072937988|0.64665556|0.3235755|0.54279768|0.30367067|1.0|0.093689337|0.44710267|0.570741|0.63275182|0.86427879|0.94329721|0.46004188|0.2858316|0.84422714|0.050256532|0.79818809|0.39197814|0.88691044|0.9275856|0.59111595|0.35306877|0.26976398|0.62035346|0.0|0.17133234|0.40449622|0.71479708|0.36832917|0.53036368|0.82611895|0.60510534
Ghana|0.65935588|0.51482296|0.77118778|0.61288488|0.33238029|0.93463159|0.90442157|0.71411228|0.4280023|0.12580872|0.75131714|0.34913981|0.17702487|0.0|0.80816752|0.44181108|0.68119872|0.37993598|0.27232447|0.25660974|0.59013653|0.69853812|0.55575627|0.087440617|0.24452135|0.83616275|0.10828301|0.57283878|0.22312048|0.91712743|1.0|0.46206415|0.3654151|0.30185595|0.53777093|0.21054766|0.19744626|0.49432439|0.82221627|0.067737967|0.62879241|0.87681615|0.84992111
Granada|0.31965864|0.37344807|0.90537614|0.27797782|0.33286679|0.86211425|0.73030341|0.57919323|0.39131975|0.0|0.70176888|0.13460019|0.24839798|0.30344892|0.45843196|0.52570319|0.7512778|0.22859824|0.56097847|0.35858727|0.64243835|0.54633999|0.68985069|0.086708434|0.59437335|1.0|0.18711531|0.76553154|0.41821593|0.89047611|0.91965097|0.67720091|0.17252675|0.19937804|0.432017|0.10613044|0.15084782|0.34544501|0.40422106|0.26296753|0.48190311|0.71494544|0.80145073
Grecia|0.05028744|0.20591977|0.74012077|0.40048397|0.16493681|0.78094268|0.65239805|0.24970561|0.47263557|0.21909928|0.36060256|0.71853101|0.41637337|0.43414241|0.66479659|0.33277392|0.76818335|0.14108242|0.1885004|0.54801792|0.80611938|0.57571578|0.9698931|0.015783764|0.28907597|0.98443079|0.23641348|0.75551867|0.34644598|0.38341212|1.0|0.30146128|0.10069469|0.62684298|0.27097923|0.0|0.076102033|0.52764559|0.67851508|0.61038113|0.92690909|0.86750424|0.59303749
Guatemala|0.39231843|0.22600812|1.0|0.82501024|0.30493993|0.7308718|0.70494306|0.52837425|0.09158913|0.0|0.49876541|0.31710213|0.48106319|0.025645055|0.46781856|0.55156356|0.79795325|0.15831329|0.33056659|0.3753041|0.67521405|0.56832141|0.74891883|0.20323616|0.42260754|0.94646072|0.24794877|0.78415179|0.44062138|0.5150013|0.84124392|0.26079342|0.34760624|0.17338526|0.62798339|0.11189477|0.36063802|0.69212276|0.76825845|0.18846267|0.85922718|0.58396226|0.64074063
Guinea|0.54161078|0.26270688|0.77447724|0.43097764|0.35060382|0.70798451|0.85778737|0.52913582|0.6532613|0.015174977|0.51083893|0.22427258|0.31534296|0.0|0.81841218|0.45708549|0.61647785|0.33841825|0.24017698|0.29723123|0.44428849|0.6721819|0.63837188|0.041747048|0.47483939|0.83744168|0.085608035|0.41857988|0.27882436|0.79281902|1.0|0.40593803|0.16404521|0.57009828|0.75635004|0.10306948|0.12430032|0.20638031|0.58418059|0.1854106|0.38350272|0.73876452|0.95508015
Guinea Ecuatorial|0.51079839|0.49059319|0.6020385|0.20384842|0.31997988|0.67010355|0.61582601|0.73994398|0.43665868|0.0|0.80215758|0.28311205|0.41440678|0.1244646|0.53744179|0.45234686|0.69778609|0.18547845|0.47604117|0.37119186|0.55917758|0.52421141|0.64981997|0.078896299|0.40116334|0.57163185|0.10192598|0.71037424|0.21958059|0.63717932|0.68398976|0.29569852|0.14434457|0.35462165|0.388919|0.15833113|0.064513221|0.25489286|0.23653942|0.58634567|0.05191749|0.33704942|1.0
Guinea-Bisáu|0.55891228|0.26987177|0.95606625|0.2555061|0.42874601|0.7546109|0.58797777|0.7040621|0.57498115|0.0|0.93609506|0.22627315|0.45436496|0.16571534|0.49007803|0.29987842|0.67345083|0.15296972|0.34485063|0.41482365|0.53441221|0.63461602|0.81942976|0.033045061|0.13623762|0.83219111|0.020098517|0.6492995|0.31472063|0.79310477|0.77590615|0.38413951|0.20230582|0.52096123|1.0|0.11195521|0.058858439|0.32883877|0.68731701|0.18487701|0.36453152|0.54683244|0.72592872
Guyana|0.34400856|0.12133154|0.68104374|0.43273479|0.26336581|0.62804508|0.77399904|0.27870801|0.53358084|0.16699247|0.40243721|0.092364296|0.38399291|0.0|0.30589765|0.54852223|0.66695791|0.17909521|0.50046909|0.4180811|0.51819485|0.75745767|0.44575775|0.02292423|0.47376192|0.74105203|0.10767289|0.69440365|0.35666841|0.65457165|0.71749276|0.22273783|0.076956309|0.15275639|0.13831159|0.061181486|0.24552545|0.29279345|0.48579377|0.043823667|0.6019873|0.37202555|1.0
Haití|0.80513024|0.3034426|0.85536861|0.2571227|0.42826408|0.78267425|0.65093106|0.76479161|0.72128546|0.18201262|0.60725284|0.087587453|0.16066986|0.0|0.5502075|0.21725449|0.57631481|0.26960555|0.34979275|0.10434718|0.28835309|0.74494028|0.46664441|0.13885984|0.52953607|0.68201029|0.19715235|0.5030278|0.33767962|0.37322146|0.82772815|0.41633016|0.026795566|1.0|0.90273255|0.12288591|0.053817526|0.39205045|0.59430283|0.3163259|0.45233443|0.95147324|0.66584504
Honduras|0.26048923|0.0|0.92383134|0.6445002|0.29862463|0.81416732|0.60727632|0.33381647|0.089941613|0.17502612|0.70289135|0.11494233|0.40760669|0.075425938|0.55183887|0.53873003|0.76543105|0.21643621|0.38858923|0.20322917|0.57074213|0.82616067|0.94281173|0.055830032|0.36053258|0.74086857|0.10261896|0.42008567|0.43792301|0.48834199|0.87652826|0.23068479|0.12849887|0.78546703|0.66818303|0.14119262|0.31838948|0.4675979|0.72352952|0.50735492|0.62115121|1.0|0.59323382
Hong Kong|0.12363347|0.47922134|0.58420485|0.0|0.18920572|0.2460838|0.54903066|0.21637645|0.14072731|0.021643005|0.52929032|0.61417133|0.35603246|0.28683046|0.44683623|0.32790238|0.8343668|0.46510988|0.49275279|0.43436551|0.68823195|0.16511589|0.63555634|0.05310116|0.65946424|1.0|0.71654624|0.56775886|0.3681587|0.25907177|0.38828057|0.10088816|0.81434488|0.3019352|0.07683526|0.40791142|0.23073356|0.039891385|0.42115486|0.51725578|0.27420521|0.34114885|0.7560724
Hungría|0.11022668|0.22739831|0.4821043|0.53152311|0.25207943|0.73816502|0.86688751|0.28921708|0.16320789|0.1250585|0.2147733|0.076356247|0.4646247|0.0|0.59172636|0.057494722|0.57278901|0.34195894|0.49890941|0.4479208|0.67680925|0.64688826|0.8365463|0.18737964|0.32278448|0.98364061|0.26451609|0.38357055|0.39547926|0.62194371|1.0|0.43498588|0.20008516|0.9325335|0.14821967|0.028511655|0.088979572|0.4136585|0.78666449|0.55620635|0.70234036|0.725191|0.51921082
India|0.75388646|0.082302526|0.4256022|0.76580495|0.35068482|0.57972503|0.61918551|0.0|0.43848592|0.10688791|0.52351117|0.032855816|0.40961447|0.46905008|0.31171843|0.3833915|0.56592506|0.16205931|0.094533898|0.19426388|0.69844586|0.4872092|0.59279144|0.23735404|0.54969454|1.0|0.050737906|0.20772228|0.26415154|0.50432485|0.8101691|0.28653756|0.45264518|0.32458133|0.37131453|0.14926627|0.18211214|0.63624489|0.86506408|0.12487325|0.89078468|0.2991021|0.64942521
Indonesia|0.0|0.0|0.0|0.0|0.0|0.0|0.0|0.0|0.0|0.0|0.0|0.0|0.0|0.0|0.0|0.0|0.0|0.0|0.0|0.0|0.0|0.0|0.0|0.0|0.0|0.0|0.0|0.0|0.0|0.0|0.0|0.0|0.0|0.0|0.0|0.0|0.0|0.0|0.0|0.0|0.0|0.0|0.0
Iraq|0.49275327|0.0|0.7792294|0.3215045|0.5975703|0.56190968|0.63595986|0.79710352|0.90059543|1.0|0.47649226|0.43936625|0.6511234|0.81815934|0.58486682|0.69504094|0.95642859|0.15475965|0.28150386|0.7562052|0.72529078|0.74416876|0.5471831|0.35439146|0.53376794|0.67018151|0.50684613|0.87224162|0.2320016|0.62170053|0.3066518|0.34083873|0.40252918|0.52176368|0.42184633|0.086465001|0.12725179|0.2482045|0.38810581|0.029255148|0.073963612|0.20773378|0.45394057
Irlanda|0.26470333|0.046054084|0.60535252|0.22007689|0.33817989|0.62364638|0.51062137|0.18749288|0.23365644|0.14254719|0.49416301|0.0|0.38063091|0.24884653|0.46131819|0.30406865|0.53247035|0.033017702|0.36433399|0.39276111|0.76473898|0.63852376|0.82610953|0.076710463|0.55785269|0.78063327|0.47445062|0.4418835|0.40562856|0.58807641|0.71206963|0.28049871|0.20523718|0.6587671|0.17503196|0.41754317|0.16232643|0.11979333|0.57539904|0.092414305|0.74380648|0.68616092|1.0
Irán|0.6122548|0.052307978|0.6531502|0.33125073|0.49073339|0.62909752|0.8642745|0.15386888|0.69356978|0.600003|0.14028153|0.5078876|0.42064309|0.1690295|0.35049123|0.21353047|0.40710604|0.31825688|0.016166128|0.19583109|0.84447587|0.30570567|0.77258885|0.092402458|0.18264991|0.80662644|0.29146519|0.12421775|0.47037911|0.45700639|0.82078457|0.22720319|0.36687499|0.89148068|1.0|0.43875283|0.26361603|0.529607|0.25047368|0.0|0.57830644|0.75017864|0.39413804
Islandia|0.38413382|0.19984482|0.8899653|0.16622105|0.53666055|0.83414519|0.66730958|0.085719228|0.21939693|0.073190227|0.70525575|0.11581755|0.59464133|0.31634548|0.57918853|0.52003103|0.73240745|0.29485202|0.34606963|0.6797694|0.56550682|0.80016255|0.90261555|0.17822489|0.65334499|1.0|0.36704332|0.24517149|0.55253375|0.96223152|0.63111985|0.69300663|0.28118852|0.059444923|0.25873467|0.14945692|0.41660458|0.12872988|0.46260124|0.0|0.74574757|0.8143208|0.78602356
Islas Caimanes|0.081940696|0.26915523|0.46380836|0.16910294|0.37468821|0.49308461|0.35687044|0.23340669|0.055066839|0.028662879|0.65471709|0.3866657|0.13193725|0.0|0.1814584|0.41656768|0.55843842|0.21641932|0.5228492|0.2835649|0.59892291|0.30123171|0.64248812|0.094207555|0.47676644|0.5109368|0.67563534|0.45089805|0.32884216|0.68939573|0.58495545|0.62020695|0.54275537|0.77477777|0.1497577|0.19871217|0.10752755|0.57072908|0.24942145|0.068666846|0.31480202|0.40429923|1.0
Islas Cocos (Keeling)|0.0|0.0|0.0|0.0|0.0|0.0|0.0|0.0|0.0|0.0|0.0|0.0|0.0|0.0|0.0|0.0|0.0|0.0|0.0|0.0|0.0|0.0|0.0|0.0|0.0|0.0|0.0|0.0|0.0|0.0|0.0|0.0|0.0|0.0|0.0|0.0|0.0|0.0|0.0|0.0|0.0|0.0|0.0
Islas Cook|0.39042735|0.1956701|0.95358473|0.3073948|0.48485339|0.65596575|0.52376872|0.74142146|0.26978078|0.0|1.0|0.5028615|0.57237828|0.072246417|0.2820614|0.37260747|0.68598616|0.022416439|0.83827084|0.447458|0.55432814|0.42455804|0.32634729|0.039890602|0.60269642|0.67344844|0.12012328|0.81910414|0.58487678|0.87137455|0.77917886|0.85109657|0.10576105|0.88953114|0.23797899|0.70153272|0.13508669|0.17238823|0.3524248|0.46274137|0.53596711|0.41091767|0.79743135
Islas Marshall|0.13063242|0.43055403|0.67837769|0.069168739|0.24037459|0.50461578|0.7965467|0.56463677|0.29001486|0.024774972|0.71028781|0.47251129|0.25417551|0.21029961|0.19135457|0.33808938|0.5484255|0.11265679|0.65456396|0.45763642|0.38133669|0.62156439|0.22637488|0.036972471|0.4883762|0.77135289|0.1702439|0.51661593|0.32432616|0.7530961|0.81379122|0.35623947|0.31167012|0.95798922|0.39651725|0.53089821|0.0|0.089679658|0.41070628|0.59566194|0.63368553|0.58358884|1.0
Islas Salomon|0.51334441|0.70462859|0.7814033|0.29638717|0.33591425|0.71678793|0.86954302|0.79787421|0.8376385|0.0|0.55718291|0.42416853|0.28371036|0.065252066|0.45192736|0.53726947|0.8203007|0.36375695|0.68320954|0.49448735|0.66123909|0.94978654|0.6314739|0.033139188|0.27077124|0.88416165|0.079820752|0.47376823|0.35021788|0.92620063|1.0|0.18693474|0.23267302|0.3788186|0.59390235|0.1745024|0.25046265|0.31370124|0.57642984|0.13166086|0.40069944|0.61682022|0.74943262
Islas Wallis y Fortuna|0.25690433|0.24294496|0.98229825|0.19438586|0.34381568|0.66389561|0.44799012|0.6334995|0.37801254|0.015456405|0.81407726|0.79828161|0.51010466|0.060203619|0.15988949|0.13008457|0.73858613|0.18058607|0.96648657|0.61894053|0.82706845|0.52877784|0.71612012|0.0|0.5492084|0.69531471|0.029053556|0.86709213|0.41938186|0.60289866|1.0|0.64550096|0.32050651|0.76238137|0.49005067|0.30314103|0.073236369|0.21028244|0.3648932|0.43365169|0.28432205|0.46890742|0.58454168
Israel|0.28613526|0.41650254|0.75226116|0.11512702|0.37830651|0.83720589|0.60676473|0.084553629|0.43357337|0.013706984|0.50570816|0.68788892|0.52280182|0.32128155|0.47174585|0.19953403|0.7246809|0.15561965|0.042785458|0.53896034|0.6755842|0.55690426|0.66337633|0.061102338|0.34983847|0.87669945|0.24314743|0.30808306|0.39570761|0.81150246|1.0|0.59352124|0.21950209|0.49268195|0.62273264|0.17753381|0.26486981|0.36461705|0.7008189|0.0|0.45387509|0.76925194|0.98000658
Italia|0.40437263|0.67785048|0.54008466|0.12515308|0.24998409|0.59407759|0.63866198|0.0|0.50115973|0.37015766|0.17991117|0.61204684|0.42320019|0.69043756|0.75024879|0.32467479|0.56543362|0.34700769|0.11302382|0.29830322|0.86389935|0.5529995|1.0|0.091760255|0.5265432|0.96525824|0.15073353|0.62499791|0.27247316|0.47383687|0.79061532|0.062232472|0.38563505|0.21322599|0.45627683|0.23347878|0.16277739|0.43975773|0.73430699|0.70789146|0.89781654|0.83703649|0.88391459
Jamaica|0.3331787|0.47301391|0.71055627|0.16992331|0.35824698|0.76203465|0.65362096|0.43156719|0.64017987|0.0|0.45785195|0.40963924|0.27540207|0.1841649|0.52877831|0.5674504|0.60115159|0.15768383|0.25629216|0.20774162|0.48947525|0.77525461|0.68074048|0.13403156|0.32039434|0.69499975|0.23940434|0.58638805|0.30560255|0.7482301|0.72779334|0.5159958|0.12162489|0.78720748|0.62076604|0.2915301|0.22377756|0.37390983|0.38880658|0.072105147|0.094949357|0.44581026|1.0
Japón|0.12716308|0.80831778|0.76895159|0.048326328|0.26843882|0.75290835|0.2980507|0.21071956|0.0|0.34709293|0.41748238|0.69457436|0.15972757|0.32444373|0.48599839|0.029492147|0.43325567|0.63008654|0.71609831|0.082212076|0.83007544|0.3105292|0.9622401|0.10017404|0.60924238|1.0|0.24311125|0.2853716|0.59693396|0.46392477|0.55361354|0.566912|0.39531213|0.22949289|0.52457321|0.36472541|0.37781262|0.06102737|0.44746435|0.79324442|0.67653561|0.92369914|0.14596555
Jordania|0.45331854|0.3405723|1.0|0.038736753|0.19966349|0.54474902|0.5592953|0.23567012|0.66769505|0.25174245|0.48793268|0.52478051|0.6019541|0.70246387|0.31523025|0.36817729|0.85428119|0.081640638|0.12886244|0.58426905|0.62922418|0.41072303|0.83721429|0.15455377|0.68936217|0.90866673|0.26428574|0.78782237|0.097062968|0.50019312|0.82293332|0.327519|0.16797361|0.80208504|0.97214806|0.7596997|0.11071336|0.61433232|0.6502099|0.0|0.73633313|0.8773613|0.95254242
Kazajistán|0.31337404|0.18401238|0.63495183|0.50286561|0.24051952|0.76325929|0.81715274|0.48518753|0.40506619|0.089989044|0.43371931|0.2760573|0.45250615|0.0|0.51976442|0.19751886|0.61812699|0.13459654|0.33288187|0.21638456|0.69345951|0.74364251|0.8048178|0.29084498|0.47139519|0.87923074|0.25467715|0.53536385|0.36439109|0.66065335|1.0|0.4171198|0.068774745|0.59241027|0.15525156|0.031294979|0.10425873|0.35033906|0.56536508|0.018585037|0.38776761|0.67316914|0.71812022
Kenia|0.91605353|0.10889538|0.45673442|0.75816655|0.21583496|0.67576224|0.79410541|0.18017578|0.8214187|0.15429571|0.57714367|0.38286588|0.33998179|0.40541643|0.51958299|0.5499993|0.59072018|0.089247964|0.063350014|0.31697333|0.63713825|0.4911958|0.93957984|0.29125044|0.27340931|1.0|0.043576527|0.47807652|0.25987989|0.5031839|0.95748353|0.42966366|0.16826084|0.35326123|0.85567236|0.13819601|0.2364985|0.62350225|0.72808862|0.0|0.65676981|0.77802598|0.74541485
Kirguistán|0.43163115|0.1471912|0.88736427|0.5438081|0.49738002|0.8166005|0.72947347|0.47910655|0.24404411|0.3623082|0.55821538|0.27132052|0.51032221|0.11456145|0.75341547|0.33184421|0.66730154|0.40464035|0.16324109|0.38306722|0.64915234|0.46695668|0.95295262|0.23206133|0.6080786|0.90498948|0.29873219|0.31969383|0.20309392|0.77086246|0.86952829|0.44933593|0.019675465|0.0|0.25673631|0.078195967|0.13474602|0.21951373|0.63432866|0.10163417|0.59410131|1.0|0.57681847
Kiribati|0.27994588|0.34467816|0.78539288|0.1546559|0.1871137|0.58998221|0.66820163|0.74637705|0.76035517|0.0|0.69124496|0.21368036|0.2954483|0.019633295|0.31711671|0.54590088|0.71717358|0.20161952|0.8000412|0.52548921|0.46535149|0.45220727|0.57141924|0.0|0.43662876|0.50482756|0.039763179|0.55896068|0.39124388|0.42105997|0.65000057|0.40728605|0.12397459|0.82475114|0.48098052|0.17276374|0.10740213|0.2677874|0.35817251|0.23682794|0.2500934|0.6198107|1.0
Kuwait|0.23194492|0.50118625|0.89685249|0.094148047|0.48859769|0.77660018|0.61300802|0.58906376|0.43609935|0.42054304|0.33379138|0.63187677|0.66786814|0.17995578|0.54025292|0.39416212|1.0|0.31285521|0.36861569|0.57619494|0.8558923|0.45094717|0.98120964|0.29456332|0.84174132|0.96166861|0.80164212|0.74235392|0.34855425|0.68552381|0.92871028|0.40708381|0.25093836|0.12479393|0.65288919|0.71413171|0.13928254|0.26857424|0.38182697|0.0|0.20679322|0.91500854|0.76156938
Laos|0.32812124|0.26958728|0.87572694|0.60622513|0.25571841|0.7510848|0.70130324|0.31072295|0.57442868|0.0|0.76646256|0.79240549|0.13332847|0.019255834|0.19897601|0.23664123|0.73448557|0.45150879|0.17988941|0.43674138|0.41583967|0.67111707|0.51756763|0.16578047|0.479413|0.81679052|0.2831274|0.37033379|0.29800895|0.85534745|1.0|0.49603704|0.061230823|0.38704169|0.40066123|0.21758494|0.077333227|0.34849316|0.46723321|0.56251514|0.63915801|0.54011899|0.84036171
Lesoto|0.37677747|0.84272224|1.0|0.30925837|0.23104702|0.69680405|0.57789153|0.76104289|0.34534264|0.073152967|0.72811997|0.40373695|0.13726558|0.16321133|0.61410546|0.63903344|0.56187803|0.43473834|0.59135938|0.095335394|0.94415659|0.45433524|0.98509747|0.0|0.51261276|0.88905275|0.17670326|0.54255587|0.27026185|0.65512198|0.90701902|0.33199817|0.21244155|0.48147422|0.85485601|0.11672878|0.19687933|0.38884115|0.29261297|0.25106207|0.3611055|0.79489332|0.68044496
Letonia|0.23694482|0.29675573|0.74041957|0.51805228|0.32982755|0.72671276|0.75863266|0.3100678|0.18110427|0.26254743|0.84167689|0.058459707|0.45929503|0.19453564|0.55634373|0.2153334|0.6880753|0.1119132|0.42526749|0.5036152|0.61553085|0.57017714|0.8240779|0.13335562|0.65846807|1.0|0.27733862|0.44593072|0.36973459|0.58811927|0.92856002|0.53562254|0.088572577|0.8044318|0.34855378|0.0|0.16335952|0.2490586|0.60239708|0.47486717|0.3854984|0.64550281|0.87544608
Liberia|0.51956558|0.29071224|0.65244287|0.39325535|0.23225993|0.59972656|0.71449739|0.58658057|0.30296895|0.037644237|0.63667446|0.36163685|0.21618493|0.14807224|0.48508722|0.31508374|0.62339127|0.1870603|0.46365052|0.32906371|0.26078212|0.53263843|0.56114292|0.0|0.41211587|0.66728967|0.093702309|0.4515605|0.13509101|0.73600364|0.75724381|0.27707914|0.079535723|0.96194541|0.68287444|0.11067731|0.015127026|0.16318464|0.37373859|0.54858947|0.43111831|0.49876916|1.0
Libia|0.46979812|0.44832405|0.8840096|0.22748423|0.40116516|0.8487848|0.74215096|0.52853036|0.371342|0.14285493|0.42028433|0.5431242|0.50257409|0.38348347|0.48738837|0.33638173|0.70918202|0.18950668|0.074902683|0.31750458|0.79411227|0.67219526|0.86732209|0.098804586|0.62294912|1.0|0.5777415|0.82091355|0.2606959|0.77299732|0.97916329|0.602759|0.054738089|0.24798185|0.83686197|0.51646864|0.086833686|0.20141445|0.56078827|0.0|0.35633013|0.93062496|0.94938219
Lituania|0.27009648|0.41667879|0.47591871|0.28325391|0.22608763|0.6527034|0.75095809|0.126104|0.063841611|0.25738239|0.70204985|0.014565082|0.46358168|0.20339508|0.50822926|0.17215818|0.81110525|0.038038313|0.37732145|0.63319612|0.57378614|0.49562436|0.78400862|0.39106831|0.44990003|0.93479496|0.30870867|0.43730611|0.36525819|0.71450603|1.0|0.35282606|0.14527062|0.5968231|0.085476518|0.0|0.10453081|0.33650652|0.62014133|0.52972573|0.66770333|0.72948706|0.8955878
Luxemburgo|0.040935837|0.35388643|0.8593204|0.021229204|0.37915951|0.73937178|0.5649839|0.28001806|0.070378564|0.26152006|0.84526867|0.21289393|0.51823092|0.14987467|0.61736161|0.53477466|0.68256462|0.087741256|0.60371357|0.77293444|0.63963789|0.41042754|0.6988492|0.30246189|0.72398502|0.95171893|0.24711639|0.49622428|0.36691856|0.91062474|1.0|0.39284441|0.75866395|0.5871917|0.33055583|0.0|0.16614351|0.44262505|0.83155811|0.18394312|0.31747988|0.55076718|0.9825173
Líbano|0.48045254|0.3179687|0.70132685|0.13244107|0.1986616|0.50888687|0.54167515|0.11435869|0.55434871|0.0|0.22270668|0.76779175|0.28524408|0.43961731|0.25034636|0.23756123|0.49584618|0.18052684|0.30284667|0.46841723|0.61787796|0.378093|1.0|0.082926787|0.45184404|0.59290189|0.41045812|0.64520442|0.14491948|0.33138829|0.52155894|0.26260602|0.16250554|0.016536349|0.7903136|0.3957856|0.098558955|0.34904864|0.42769337|0.041075565|0.36598015|0.57794976|0.66366535
Macao|0.22654748|0.38806039|0.63465667|0.0|0.27603143|0.55997539|0.2142182|0.49842387|0.17339239|0.11270802|0.6688863|0.43231902|0.41670609|0.25335917|0.64916301|0.36148712|1.0|0.73744786|0.47991079|0.4033888|0.46083972|0.16125168|0.58000815|0.18772921|0.59991157|0.61375225|0.79195035|0.44850379|0.52231634|0.34396708|0.32862127|0.20133606|0.31433895|0.89957929|0.30233985|0.1444387|0.12579751|0.036699019|0.070302472|0.53434718|0.058009394|0.69800782|0.28856498
República de Macedonia|0.25289264|0.084503196|0.68836129|0.29694265|0.11779273|0.78425181|0.56877214|0.45828325|0.49048042|0.21846181|0.28384292|0.43629491|0.64836127|0.36004663|0.26922131|0.31121188|0.75353295|0.55017042|0.51628256|0.47536063|0.60507393|0.73123956|0.80680978|0.16500247|0.32360601|0.98209012|0.13269544|0.59100598|0.3463034|1.0|0.86061287|0.42351127|0.0|0.098993406|0.17968965|0.013668716|0.14790697|0.3877129|0.76870924|0.40096602|0.66741687|0.70309567|0.63178909
Madagascar|0.87547338|0.17405942|0.8136704|0.50496262|0.39691135|0.74009812|0.75319922|0.20419578|0.77109289|0.15218118|0.45804352|0.0|0.42165345|0.034096934|0.27307212|0.55668402|0.69253027|0.24900937|0.2860986|0.35596612|0.60108417|0.66294312|0.88859355|0.093080617|0.33883661|0.72160894|0.30553728|0.58114666|0.23710454|0.6407997|0.79766315|0.38131672|0.32509416|0.4444395|0.67690647|0.11310795|0.18951681|0.47794297|0.62567246|0.018031903|0.36932486|1.0|0.83498037
Malasia|0.59453177|0.37569362|0.83582389|0.3909173|0.29274058|0.48572072|0.62220478|0.086842515|0.77132463|0.052674323|0.33632177|0.42905778|0.81115788|0.65285921|0.24684888|0.54289287|0.78938568|0.14273874|0.10626867|0.46768221|0.50310063|0.44608015|0.73750627|0.0|0.70113242|1.0|0.36217397|0.6845113|0.16303506|0.52729982|0.87424672|0.23211616|0.30634964|0.41509843|0.56283766|0.27446908|0.18354568|0.7494837|0.98506379|0.21163541|0.85859627|0.32158035|0.63455975
Malawi|0.62941396|0.37282282|0.56961143|0.87153035|0.3232621|1.0|0.66556627|0.35831022|0.21389821|0.16900858|0.33767891|0.047626667|0.30622005|0.0|0.4864938|0.59798896|0.72580129|0.24579358|0.081090719|0.26389214|0.64302504|0.61475039|0.78944677|0.1215591|0.19503742|0.81329966|0.061558843|0.42300516|0.2778756|0.58333677|0.90151012|0.40486336|0.15646482|0.18216805|0.44417843|0.095386133|0.2915816|0.38897234|0.69666648|0.13795336|0.46025178|0.52709115|0.77131104
Maldivas|0.34231278|0.039988779|0.7151491|0.092400417|0.51404065|0.74174982|0.56138408|0.61921275|0.37438741|0.01679739|0.53851432|0.43661442|0.42359534|0.4059321|0.36148658|0.47195774|0.77329695|0.14510646|0.28828251|0.60251141|0.75741637|0.57608193|0.67023218|0.30246088|0.68942744|0.88361615|0.16293646|0.63447309|0.7017712|1.0|0.8222425|0.79484802|0.057312459|0.50052404|0.26678568|0.18310486|0.0|0.12639807|0.3222602|0.069452122|0.24959633|0.3929913|0.45688081
Malta|0.12681067|0.51885569|0.67112947|0.0|0.40932798|0.68684709|0.59725273|0.28587738|0.21599993|0.4247568|0.73623168|0.50333369|0.4468092|0.27373806|0.56601954|0.26063982|0.84772003|0.20128748|0.78771544|0.6346913|0.61458969|0.65308559|0.86529505|0.1871891|0.58339047|0.72226346|0.47534823|0.8190428|0.34330663|0.77517533|0.53231382|0.32550839|0.36030847|0.051250357|0.14765398|0.096532024|0.30495685|0.6997844|0.54715014|0.23060265|0.3909947|0.80335373|1.0
Malí|0.37807161|0.58176708|0.90683717|0.70665264|0.17038512|0.66269755|0.76474214|0.35656822|0.49373764|0.04395362|0.52377492|0.15495843|0.24427448|0.064224511|0.45447081|0.21529266|0.42724916|0.13551852|0.2304067|0.50613922|0.44016957|0.64470565|0.84254885|0.0|0.41110584|0.87079513|0.26250345|0.55574882|0.19848546|0.68823576|1.0|0.33576852|0.28632417|0.4803029|0.7230159|0.099954158|0.11585814|0.30205846|0.4682129|0.08576487|0.59707236|0.74397141|0.96553028
Marruecos|0.53912568|0.12771517|0.71393561|0.27455023|0.200654|0.64294326|0.97509944|0.11376865|0.65565515|0.15439697|0.26025131|0.22674851|0.36392725|0.46786886|0.37864399|0.42022827|0.62152481|0.31934455|0.058726937|0.30688471|0.60171092|0.66812074|0.69521177|0.39450219|0.434654|0.94909829|0.28650665|0.490457|0.24276674|0.73132932|1.0|0.44739887|0.16909668|0.51296926|0.83792567|0.21446034|0.10118721|0.52684057|0.77471185|0.0|0.58183455|0.79139858|0.80470002
Mauricio|0.57553744|0.71434259|0.95402783|0.28483117|0.3345626|0.6946981|0.66271311|0.074471541|0.25648367|0.0|0.5155865|0.50302052|0.59430051|0.30254772|0.40014628|0.42853659|0.82601082|0.10732067|0.60762405|0.53322548|0.4465794|0.73471344|0.90568554|0.1383082|0.78009653|0.7630527|0.20316866|0.93659431|0.38357407|0.85680187|0.97644573|0.56190556|0.12592459|0.15828359|0.67794716|0.63041973|0.18940744|0.36676621|0.54615539|0.17312491|0.4827286|0.46684474|1.0
Mauritania|0.861099|0.18329079|0.69509351|0.47539419|0.20790938|0.67690241|0.90062988|0.61724567|1.0|0.26558048|0.30911884|0.27929655|0.37138909|0.40673727|0.43245012|0.52811146|0.49515617|0.32391286|0.1520505|0.22777304|0.66430432|0.57771283|0.79186773|0.051299505|0.70843077|0.74630272|0.13866927|0.80687439|0.33825967|0.63465357|0.94693971|0.39227337|0.1251996|0.0|0.84438705|0.090673573|0.014148243|0.45215693|0.60361356|0.11308362|0.56374311|0.54649776|0.75959456
Micronesia, Estados Federados de|0.25840482|0.39006156|0.92807353|0.18026885|0.37395212|0.6561712|0.67275894|0.79456657|0.70952845|0.0|0.88439322|0.34712622|0.36185783|0.0|0.31544125|0.42236531|0.50586581|0.075946689|0.82649487|0.55743706|0.76479852|0.46275967|0.62723261|0.024221756|0.53664088|0.96818805|0.16395542|0.5898422|0.44338995|0.75041121|1.0|0.64224613|0.11151035|0.95118284|0.40884748|0.14360854|0.124319|0.20709714|0.33449101|0.51878643|0.28016019|0.57067639|0.80986023
Moldavia|0.082442895|0.46143311|0.77916718|0.74459004|0.22751626|0.81047606|0.58980894|0.41825008|0.10493638|0.34461099|0.2411395|0.020615224|0.35658234|0.0|0.38754231|0.17334443|0.62038523|0.57547927|0.15600184|0.51269233|0.44317579|0.6467554|0.82780969|0.31750706|0.49661639|0.96341711|0.26995462|0.60291958|0.37296057|0.86277926|1.0|0.54347628|0.04350365|0.52517831|0.30003941|0.12892897|0.067808069|0.28507572|0.67359316|0.19069135|0.47361949|0.87813592|0.84813392
Mongolia|0.43538558|0.095803127|0.81701696|0.40355626|0.24308176|0.71139312|0.8415823|0.48821113|0.51980162|0.19123185|0.63030297|0.028614316|0.73128027|0.25515845|0.47501522|0.2048936|0.78747064|0.13395546|0.159729|0.55308366|0.59287429|0.64481115|0.75247586|0.0|0.46196249|0.68915129|0.3461712|0.53182709|0.27269256|0.66289163|0.9547323|0.30128792|0.058082648|0.39065713|0.57660073|0.044113316|0.3205733|0.1736021|0.50481218|0.22969267|0.4213914|0.37550789|1.0
Montenegro|0.24598372|0.20882484|0.85804862|0.12235317|0.32998836|0.87495995|0.66677403|0.38583958|0.19683236|0.35434794|0.50360298|0.61960912|0.54386842|0.093457207|0.59553957|0.29429358|0.78195232|0.22995457|0.5159049|0.4007794|0.63420326|0.49079186|0.88761342|0.36796492|0.67988479|0.95741493|0.34223273|0.5808326|0.44017231|0.98215091|1.0|0.65380812|0.26491457|0.0|0.16061981|0.08101476|0.17765354|0.14328828|0.46710443|0.76318419|0.56299412|0.74168116|0.80524361
Montserrat|0.23164913|0.27546591|0.66384447|0.48883736|0.19809446|0.46603513|0.42088425|0.70520699|0.45009515|0.24942012|0.64109302|0.083321638|0.18249503|0.015601161|0.11698433|0.38728708|0.58027124|0.21843556|0.33258915|0.26212439|0.67692226|0.52635932|0.76078534|0.099782541|0.74832082|0.54029626|0.065008104|0.43737125|0.16952895|0.73621559|0.61601967|0.50338858|0.040551707|1.0|0.31442764|0.28798938|0.0|0.14039758|0.69309634|0.36304677|0.34676602|0.40047449|0.55395138
Mozambique|0.89872229|0.36185628|0.73736143|0.72041088|0.42714882|0.58608752|0.83930516|0.61698776|0.17128442|0.0|0.5617106|0.3171134|0.25686538|0.40257445|0.54705775|0.6939137|0.65698618|0.41463327|0.28548265|0.34878343|0.45219427|0.86486435|0.78568244|0.097528048|0.38314366|0.81441927|0.1121048|0.50751007|0.33660638|0.76684237|0.75145948|0.46469584|0.22251689|0.15901919|1.0|0.12819487|0.18715137|0.26925087|0.63181448|0.29783762|0.87943614|0.60099232|0.92859155
Myanmar|0.77914047|0.18797694|0.97974873|0.79443932|0.2956394|0.55145371|0.72162044|0.17582667|0.58817959|0.12258315|0.60652673|0.16182718|0.3949565|0.10218123|0.46364474|0.4073464|0.83715981|0.20220359|0.26459172|0.67119253|0.64275259|0.81027687|0.92565274|0.019576479|0.27997419|0.95781863|0.0|0.53490573|0.32694644|0.57074696|1.0|0.23772782|0.046617661|0.31351548|0.42933583|0.38049042|0.14295651|0.63081551|0.89087284|0.21682566|0.51985633|0.76628917|0.69087601
México|0.24997254|0.070505366|0.41636163|0.47404981|0.26320547|0.29207033|0.70464242|0.5485695|0.16182801|0.0|0.14309508|0.3228884|0.19706017|0.016885556|0.53545105|0.30531496|0.42848769|0.36182284|0.3863973|0.23461904|0.52154994|0.75546408|0.56272024|0.045046106|0.2776109|0.85344321|0.086264521|0.46199763|0.48727044|0.64616066|0.77365702|0.21709186|0.098309301|1.0|0.60371232|0.33751324|0.12692954|0.58553398|0.78733277|0.61731493|0.68474019|0.44189849|0.17935774
Namibia|0.38057578|0.29619059|0.61367315|0.32980305|0.31619993|0.64786303|0.78296006|0.56877321|0.76710534|0.045333542|0.51129258|0.11257835|0.28167862|0.0|0.49929816|0.47876665|0.62844384|0.13208385|0.25062999|0.35840508|0.67542028|0.59915382|0.8467297|0.059609234|0.16185763|0.72227371|0.17654888|0.40298253|0.41889346|0.44522211|1.0|0.21930295|0.26648641|0.19364806|0.45869148|0.097573057|0.14937265|0.20662442|0.5495196|0.23500507|0.58098018|0.53440303|0.73450041
Nauru|0.29600304|0.27724773|0.85160625|0.23262411|0.31466728|0.47479305|0.68821675|0.70167094|0.51378655|0.13069864|0.773592|0.53090751|0.41552401|0.37758172|0.24538091|0.36069295|0.75442743|0.064991251|0.89433366|0.094532505|0.62994373|0.21632522|0.39947197|0.043038961|0.65642482|0.611601|0.0|0.71703112|0.18638209|0.56644326|0.80553967|0.58046722|0.26021141|1.0|0.54526478|0.43801302|0.081495978|0.14923441|0.45737457|0.73474085|0.59899509|0.49576062|0.93076587
Nepal|0.52534151|0.11698021|0.69717813|0.38378745|0.26791024|0.73716283|0.6277858|0.22614305|0.46268106|0.1419048|0.39724779|0.019320166|0.35920763|0.081841588|0.51304567|0.32353437|0.67899561|0.25365591|0.094179608|0.47472531|0.77104545|0.49093509|0.58211744|0.18656471|0.7228182|0.84415138|0.16904123|0.30051169|0.37163746|0.66427547|1.0|0.28459412|0.068503313|0.42699441|0.88140309|0.15713021|0.44545633|0.41064891|0.61048526|0.0|0.53727293|0.74959135|0.64977759
Nicaragua|0.46780583|0.12407856|0.80820537|0.67808038|0.27063894|0.76694858|0.48131058|0.43704417|0.2511991|0.2115109|0.42468515|0.092074275|0.41069111|0.0|0.51381743|0.63980865|0.85916096|0.33104473|0.49467009|0.44951093|0.6574409|0.89667201|0.87822938|0.14936577|0.23761317|0.83525622|0.18317242|0.31848669|0.3498835|0.57580519|0.73217952|0.29456705|0.19593942|0.16628|0.69326556|0.22547647|0.3673526|0.60592246|0.71178657|0.37996972|0.56277412|1.0|0.53232259
Nigeria|0.0|0.0|0.0|0.0|0.0|0.0|0.0|0.0|0.0|0.0|0.0|0.0|0.0|0.0|0.0|0.0|0.0|0.0|0.0|0.0|0.0|0.0|0.0|0.0|0.0|0.0|0.0|0.0|0.0|0.0|0.0|0.0|0.0|0.0|0.0|0.0|0.0|0.0|0.0|0.0|0.0|0.0|0.0
Noruega|0.62170041|0.17623992|0.81622016|0.097295225|0.44188273|0.77152562|0.719199|0.0|0.23666281|0.24989858|0.63415253|0.077529259|0.41117203|0.3972466|0.51810181|0.48314112|0.69375479|0.27341765|0.16417173|0.34360975|0.78743923|0.66688216|0.70726383|0.46085358|0.57910818|0.93755603|0.42385381|0.308209|0.50511652|0.86327982|1.0|0.53005087|0.38425469|0.13591196|0.20558687|0.18820906|0.32078981|0.11536409|0.59449387|0.046386939|0.55192119|0.75163078|0.84211963
Nueva Zelanda|0.36194333|0.13703889|0.87455362|0.61121464|0.25337568|0.8255505|0.7523092|0.044468649|0.38706875|0.44424474|0.50716645|0.0|0.5216521|0.42590064|0.41211057|0.59869796|0.85752702|0.12415773|0.089816913|0.46413475|0.8424145|0.71879828|0.69149745|0.018676113|0.27069995|1.0|0.56739885|0.18988265|0.55403686|0.76771116|0.81081343|0.28940308|0.32199982|0.30502298|0.15494421|0.21301912|0.33551466|0.23568073|0.58280885|0.3486653|0.49501276|0.67927504|0.90852559
Níger|0.76471329|0.30615705|0.8203519|0.47084534|0.21605541|0.58870983|0.6270445|0.32046744|0.73501152|0.12116279|0.39747858|0.089056969|0.23244357|0.10782608|0.27167371|0.48693722|0.50786954|0.16163382|0.43214542|0.41184294|0.63932866|0.37963253|0.90360737|0.050061733|0.35176417|0.67611861|0.14329699|0.5351193|0.20040627|0.55517066|1.0|0.3657614|0.068001084|0.022359528|0.93682754|0.17922759|0.25027624|0.28385603|0.45127499|0.0|0.57009864|0.66113228|0.84394073
Omán|0.55392683|0.080024853|0.51836371|0.066427767|0.29529133|0.59484833|0.77033103|0.58147907|0.14756799|0.19914809|0.35594141|0.3145662|0.39016977|0.049637534|0.37023759|0.21114537|0.46582657|0.23738307|0.22324154|0.18130374|0.45299309|0.32986873|0.63433099|0.13249843|0.49684829|0.74786097|0.707187|0.72273672|0.42433298|0.65890694|0.8605423|0.53635526|0.0|0.44007379|0.60937023|0.47935766|0.11250977|0.16765994|0.25398743|0.026038973|0.34398368|0.68363678|1.0
Pakistán|0.90534651|0.13783599|0.6188128|0.58386648|0.53852528|0.38795325|0.50774407|0.23122466|0.40168723|0.0|0.091768712|0.18594912|0.45695955|0.042920195|0.28182212|0.31419662|0.47465193|0.15167537|0.24379446|0.36259347|0.55677843|0.4151414|0.77223104|0.20116925|0.71945965|0.86721289|0.21607089|0.44236594|0.299101|0.49332619|1.0|0.42809224|0.1057412|0.12373683|0.9434377|0.17109638|0.076172017|0.63134766|0.8144905|0.017244738|0.88925397|0.33670446|0.59870887
Palau|0.29300034|0.71613324|0.75368834|0.18038669|0.59736502|0.69755292|0.50846791|0.54007828|0.3545391|0.013557319|0.85275459|0.61173451|0.37321544|0.0|0.1468814|0.32193196|0.39616013|0.22016782|0.56188941|0.57835579|0.77369946|0.47260609|0.48537546|0.079806924|0.52134371|0.66297948|0.053852819|0.34139061|0.7308448|0.97511607|1.0|0.63793528|0.20121871|0.956429|0.25121191|0.12458065|0.067491181|0.23826325|0.41819173|0.44828427|0.2775279|0.43140587|0.89870358
Palestina, Estado de|0.55328822|0.11759371|1.0|0.21199507|0.323553|0.56905347|0.4702763|0.34396738|0.81752551|0.64554387|0.62587821|0.68286681|0.86418068|0.22759801|0.14664337|0.42997906|0.69998133|0.13080582|0.25626057|0.60418457|0.72667044|0.77992678|0.802284|0.10382085|0.66300237|0.48707998|0.046911325|0.75085247|0.1865274|0.2892459|0.50220329|0.35629833|0.16700739|0.52288777|0.36953729|0.53605509|0.070263885|0.3054831|0.39654654|0.0|0.38345701|0.27693045|0.73864824
Panamá|0.0|0.0|0.0|0.0|0.0|0.0|0.0|0.0|0.0|0.0|0.0|0.0|0.0|0.0|0.0|0.0|0.0|0.0|0.0|0.0|0.0|0.0|0.0|0.0|0.0|0.0|0.0|0.0|0.0|0.0|0.0|0.0|0.0|0.0|0.0|0.0|0.0|0.0|0.0|0.0|0.0|0.0|0.0
Papua Nueva Guinea|0.23179856|0.3193363|0.92751789|0.6357286|0.34544796|0.6647172|1.0|0.52045351|0.71055901|0.0|0.4980756|0.40077633|0.36177397|0.050741214|0.45378017|0.46656549|0.65168166|0.21078333|0.37916356|0.61304152|0.67814523|0.94711089|0.69833851|0.089738339|0.2733492|0.87786257|0.063501991|0.53272891|0.24446493|0.80331516|0.97965711|0.14746697|0.18112473|0.72701353|0.59858632|0.82932484|0.30694103|0.42728949|0.54532725|0.25674987|0.5593406|0.48243383|0.75728357
Paraguay|0.26463643|0.1482275|0.41720378|0.73940158|0.39633486|0.58003062|0.67199302|0.31634837|0.11426722|0.20709288|0.54547668|0.12736085|0.45402396|0.05192937|0.5318259|0.50265104|0.68583381|0.16113394|0.28254047|0.48998952|0.70312083|0.5174396|0.75259089|0.10012583|0.37314481|1.0|0.22805056|0.3411622|0.17369175|0.47535709|0.80644202|0.073090911|0.0|0.1888409|0.24553262|0.35866678|0.024191108|0.43329322|0.64384174|0.30293939|0.65750694|0.59482962|0.62152916
Países Bajos|0.64655864|0.26056558|0.47609729|0.024526523|0.32678294|0.70492405|0.71805507|0.35240501|0.0|0.3397117|0.44427913|0.23339131|0.59449041|0.1231501|0.55722117|0.14152069|0.41690552|0.21163487|0.31196934|0.29987586|0.8176201|0.52545142|0.75095105|0.45823765|0.51275051|1.0|0.36545786|0.38593227|0.43001819|0.63103628|0.69217819|0.57731313|0.082471892|0.16737498|0.5449757|0.19019634|0.1539208|0.24660049|0.28425965|0.068271972|0.60981739|0.77502251|0.66539347
Perú|0.67359889|0.36909062|0.73120046|0.85501218|0.3141112|0.80882055|0.65638012|0.47033602|0.49649295|0.0|0.33615696|0.26458463|0.2229898|0.080762848|0.61503637|0.4078837|0.79162401|0.2969777|0.1507645|0.44243956|0.76379001|0.59251904|0.93559545|0.42316845|0.19060402|0.966591|0.23697442|0.57842112|0.45770812|0.55431503|0.87825787|0.48299628|0.20861283|0.10882992|1.0|0.1657563|0.38988143|0.53421617|0.74771422|0.092984155|0.71505684|0.94817507|0.70068592
Polinesia Francesa|0.28082487|0.22840193|0.85177803|0.16123073|0.38346711|0.65287268|0.79463941|0.54630518|0.43568906|0.0|0.75125819|0.66824281|0.49698102|0.041880306|0.29436225|0.17448743|0.61810458|0.19162267|0.68470293|0.47193238|0.80803192|0.56282902|0.91845304|0.10823664|0.48399606|0.83013976|0.063097365|0.8963213|0.63191688|0.77567339|0.97486317|0.71899647|0.20986693|1.0|0.08538115|0.31233501|0.41856959|0.25474942|0.36417025|0.51049131|0.33959258|0.39736229|0.987611
Polonia|0.28750098|0.34246874|0.44093201|0.30003846|0.20114133|0.54004276|0.77100086|0.0|0.057373174|0.40221742|0.26801986|0.089568906|0.45548323|0.36092004|0.72431207|0.52321321|0.65664554|0.22562915|0.038798966|0.49406236|0.55421442|0.50779581|0.7120018|0.16709164|0.46793658|0.91400361|0.37485811|0.32305124|0.61178589|0.57488352|1.0|0.18673737|0.14116412|0.21370499|0.23955661|0.071698949|0.1263911|0.58700663|0.852512|0.64166266|0.68355381|0.83580816|0.67023116
Portugal|0.29278144|0.7163589|0.5970906|0.041512251|0.17967324|0.64911771|0.78213525|0.10292725|0.26761308|0.34141427|0.13463002|0.53828591|0.36736527|0.28029329|0.38340396|0.1920884|0.68639857|0.41612735|0.32593021|0.47844714|0.66971004|0.44749868|0.79899848|0.14899379|0.5101105|1.0|0.2343237|0.46148044|0.35408813|0.49200767|0.96549428|0.39566526|0.21038988|0.0|0.57633913|0.1181744|0.16319337|0.073349491|0.74498928|0.25262308|0.76809216|0.62711072|0.89206821
Qatar|0.20252648|0.1721165|0.68870687|0.07860665|0.37858087|0.64419615|0.52270436|0.5351361|0.24097946|0.55027735|0.25750583|0.60255945|0.49375579|0.33169749|0.58026791|0.39843434|0.96836174|0.31381857|0.18760808|0.6282354|0.7291609|0.43650609|0.80893815|0.27663419|0.87400496|0.82604218|0.67009759|0.71155548|0.35698104|0.8552171|0.88726836|0.50964344|0.29364818|0.91106057|0.56796855|0.74147666|0.021045309|0.14057109|0.42211217|0.0|0.48146772|0.79039353|1.0
Reino Unido|0.18358412|0.25831997|0.79641998|0.015380082|0.35612243|0.8185271|0.76045775|0.14409359|0.09059485|0.24479952|0.46810466|0.0|0.65502858|0.29227656|0.5972048|0.54743075|0.745754|0.16900441|0.68928063|0.42502642|0.83988261|0.56632435|0.52824938|0.27224106|0.86571765|1.0|0.37792683|0.48127383|0.62258756|0.64037985|0.72827798|0.51453888|0.67325425|0.33511606|0.20092764|0.10852444|0.30444121|0.22019465|0.57918274|0.076133624|0.4024277|0.91202867|0.77780175
República Centroafricana|0.37645161|0.36290038|0.77463043|0.21088473|0.15960714|0.59891319|0.64065814|0.67249322|0.70191687|0.022292547|0.35046265|0.46863279|0.32531732|0.10572878|0.19098324|0.74450594|0.40409008|0.24631587|0.39163172|0.27434286|0.65871418|0.49379385|0.93439007|0.022292547|0.61413682|0.85990477|0.075162791|0.53589755|0.2286891|0.57050622|0.55710685|0.26009509|0.040177643|0.0|0.48055869|0.51479673|0.090108752|0.30346557|0.43135756|0.059242859|0.41712123|0.72729498|1.0
República Checa|0.097435795|0.27980804|0.54228187|0.2210429|0.26739198|0.64342451|0.85735512|0.30065036|0.013701233|0.18380696|0.39407012|0.15551892|0.40860057|0.061297923|0.61139923|0.4681949|0.72293586|0.36703855|0.31370491|0.49739611|0.45179069|0.55539286|0.84097302|0.35110742|0.52921337|1.0|0.48243141|0.32758552|0.63140535|0.65947104|0.87412405|0.57565242|0.1124514|0.0|0.19649172|0.1250091|0.2397227|0.4276641|0.82211953|0.67427099|0.69739664|0.77012312|0.38164997
República Dominicana|0.63851476|0.57284492|0.77981925|0.59027094|0.25563103|0.79257965|0.51204336|0.44753113|0.063055813|0.0|0.5265733|0.28084487|0.18186033|0.26776257|0.23805571|0.36287504|0.49796188|0.30679679|0.40064883|0.11149551|0.29328087|0.76655614|0.90236127|0.21223283|0.55697525|0.96110058|0.88010365|0.73845875|0.33021063|0.54382783|1.0|0.38237539|0.048648894|0.024310341|0.92886984|0.13593012|0.15551545|0.69659525|0.98517585|0.48211464|0.65677106|0.62354243|0.80682397
Siria|0.55954581|0.29622209|0.96070188|0.44363344|0.37105048|0.53642118|0.77837747|0.75036633|0.76331466|0.48443222|0.18897091|0.1255846|0.32502407|0.61758208|0.23765559|0.21771476|0.38407522|0.13951853|0.26826218|0.33953011|0.71617079|0.42310411|0.59538454|0.054013938|0.67340273|0.57829237|0.086040005|0.45955777|0.35210901|0.63890177|0.87603283|0.28228694|0.0|1.0|0.70008302|0.10022803|0.16857427|0.52038968|0.7349354|0.021621853|0.68806934|0.82666582|0.39884818
Ruanda|0.46449617|0.68850017|0.42638367|0.6613754|0.22484991|0.55984759|0.60224664|0.41347092|0.7200135|0.23833224|0.57371724|0.034791257|0.34298116|0.0|0.51845133|0.63663554|0.74826229|0.35509348|0.15317084|0.28450722|0.73553002|0.76371086|1.0|0.077471003|0.17314492|0.97422767|0.13185678|0.49481648|0.25446892|0.90053892|0.81021315|0.29938608|0.37318459|0.44188672|0.61815751|0.26933903|0.20610905|0.32863045|0.47822776|0.11905287|0.39795527|0.54518682|0.70071208
Rumania|0.14602703|0.22143754|0.66269016|0.55236965|0.3623243|0.7370981|0.82319927|0.35011825|0.27429971|0.48412347|0.38591337|0.18496485|0.50724065|0.26156679|0.5786953|0.28870088|0.72446585|0.46844602|0.40267181|0.61466217|0.53407037|0.67719817|0.83865619|0.23857912|0.64854288|1.0|0.19694752|0.56576979|0.45425469|0.777385|0.97597516|0.33671957|0.0|0.16311294|0.31289592|0.10310622|0.13335942|0.41667855|0.86856604|0.7646333|0.63532186|0.85464865|0.60192817
Rusia|0.25771973|0.37576878|0.4802655|0.1569469|0.31919014|0.77690256|0.9111414|0.23299348|0.0|0.51497352|0.55570245|0.38829046|0.4539732|0.27523059|0.62568134|0.10204105|0.5887894|0.35326791|0.073899314|0.42922908|0.70274007|0.41687095|0.83615178|0.30532601|0.68070877|1.0|0.33344072|0.57117885|0.49500242|0.61132145|0.97228128|0.19155461|0.087828301|0.63958931|0.24507906|0.11526273|0.17585967|0.22035117|0.6593827|0.047454473|0.75966704|0.80522418|0.71692097
San Cristóbal Y Nieves|0.24202061|0.38735455|0.58781219|0.093197688|0.26806465|0.46842599|0.51198196|0.71019316|0.33146408|0.0|0.67101318|0.37471282|0.060229454|0.19830592|0.28221554|0.54816622|0.57338554|0.21462759|0.48390472|0.16377041|0.64258182|0.44729036|0.61312222|0.22844863|0.31430739|0.73610365|0.78292382|0.53413987|0.40266392|0.69208407|0.76279777|0.62659025|0.14753175|0.85130966|0.1353125|0.34338564|0.074508257|0.11960259|0.41690129|0.43203369|0.25561088|0.36040646|1.0
Samoa|0.46131673|0.51514977|1.0|0.43324453|0.29075506|0.85473067|0.60252976|0.93104017|0.21114364|0.18341705|0.34230068|0.31941372|0.39226288|0.27873948|0.19907501|0.37292659|0.80346709|0.074751809|0.53480697|0.59020191|0.70217067|0.55579305|0.65978533|0.0|0.61735815|0.724769|0.055897996|0.83551157|0.24490461|0.57370818|0.87301326|0.63477218|0.018750817|0.22526401|0.50212425|0.48040703|0.1173116|0.26624364|0.16591895|0.30491954|0.35827249|0.41194153|0.81589186
San Martin (parte Holandesa)|0.0|0.0|0.0|0.0|0.0|0.0|0.0|0.0|0.0|0.0|0.0|0.0|0.0|0.0|0.0|0.0|0.0|0.0|0.0|0.0|0.0|0.0|0.0|0.0|0.0|0.0|0.0|0.0|0.0|0.0|0.0|0.0|0.0|0.0|0.0|0.0|0.0|0.0|0.0|0.0|0.0|0.0|0.0
San Pedro y Miquelón|0.15095663|0.10327506|0.71457922|0.22724921|0.35092175|0.70135164|0.46783009|0.4998408|0.16352493|0.075244889|0.60039818|0.64063764|0.42458144|0.056319639|0.37872735|0.28694424|0.53987443|0.25720656|0.72650874|0.44055903|0.74235517|0.39673597|0.83101827|0.089624971|0.61287415|0.78605878|0.019656749|0.66115642|0.48242959|0.62681699|0.6826849|0.45283794|0.0|0.33741847|0.12449899|0.20200375|0.21436155|0.24147877|0.31535339|0.36481702|0.2737737|0.57440418|1.0
San Vicente y las Granadinas|0.36454719|0.27341884|0.90236688|0.25399381|0.3158229|0.82326943|0.65437436|0.85359758|0.39660513|0.18825679|0.83577955|0.16430888|0.40915143|0.28945458|0.44321164|0.62511814|0.74544191|0.21733445|0.57805002|0.4222753|0.46052986|0.49006876|0.61245418|0.10994282|0.64174378|1.0|0.13122393|0.80922556|0.35015452|0.70133531|0.7809|0.60045195|0.38033986|0.0|0.51868153|0.072784692|0.146651|0.23856637|0.20298594|0.33501747|0.56053591|0.53469115|0.72770602
Santa Lucia|0.3924067|0.51714128|0.73998582|0.20108446|0.21370289|0.7101506|0.62621248|0.82517672|0.45491135|0.0|0.5673064|0.28021622|0.15153266|0.030050512|0.22697167|0.48590165|0.54467046|0.13864757|0.50209588|0.1809053|0.31190261|0.64305532|0.68250811|0.12148347|0.5325498|0.72329116|0.32682788|0.66445911|0.2585575|0.60470521|0.78313065|0.59107095|0.44187731|1.0|0.42174008|0.37243587|0.063426085|0.24034791|0.29380566|0.35806829|0.34483886|0.40758488|0.85069764
Santo Tome y Principe|0.79635453|0.54805267|1.0|0.49464542|0.16903824|0.70107484|0.52289391|0.76402009|0.27827972|0.0|0.85201442|0.2901938|0.25713605|0.02012575|0.43877333|0.3302294|0.68766475|0.19870089|0.71558082|0.34514266|0.73126477|0.40588033|0.62954038|0.10544351|0.64660907|0.96580505|0.078190111|0.74467534|0.30768126|0.58427501|0.90912461|0.39246169|0.15563519|0.93930125|0.60445267|0.24049953|0.038826328|0.21390572|0.3663823|0.052864064|0.46942937|0.65998948|0.67504501
Senegal|0.7436626|0.28487468|0.78875673|0.45432395|0.16483685|0.5703876|0.72900629|0.35889918|0.64188075|0.26983279|0.47955805|0.23342219|0.1905266|0.21979544|0.31848666|0.33892092|0.42555469|0.082274303|0.12808201|0.55544114|0.65954757|0.70220953|0.81429988|0.09777832|0.50508851|0.93021786|0.036271714|0.44179064|0.24909903|0.71582043|1.0|0.38598272|0.1446822|0.0|0.90827292|0.054467257|0.021645186|0.40551725|0.62389028|0.066699907|0.49152797|0.52371585|0.87452471
Serbia|0.09930186|0.16450074|0.52917719|0.49285895|0.2132363|0.61486876|0.46056047|0.086949058|0.023599777|0.4127028|0.26469362|0.060988501|0.5649032|0.48083496|0.30714041|0.24591485|0.70088834|0.44791079|0.39343715|0.42982256|0.58186764|0.62824804|0.75885594|0.17678931|0.37993625|0.85059744|0.19999087|0.36619699|0.33409277|0.6603381|0.89554906|0.27826521|0.31985557|1.0|0.12992433|0.0|0.11527897|0.60178643|0.7942276|0.34908617|0.55171514|0.73341215|0.51417756
Seychelles|0.68884599|0.85168874|0.40683103|0.039072908|0.33359128|0.71862179|0.55355418|0.44135052|0.18914813|0.0|0.53682631|0.4698239|0.42370763|0.23771168|0.30116796|0.35190392|0.70536053|0.095308065|0.59073794|0.38072449|0.49797678|0.80257893|0.5194267|0.11305188|0.66886932|0.63764149|0.20798008|0.74957812|0.45664465|0.78374732|0.76824844|0.57049608|0.076854676|0.61429465|0.26271874|0.22578664|0.16794331|0.12514021|0.31432617|0.36589655|0.27826917|0.39404613|1.0
Sierra Leona|0.37379622|0.24188793|0.90433145|0.27616|0.47159529|0.85554087|0.73306203|0.77855456|0.59698343|0.0|0.68784189|0.31855476|0.45312494|0.22580284|0.76621902|0.62890303|0.66284865|0.38718629|0.5051921|0.20987543|0.57914448|0.74705374|1.0|0.032565594|0.33674312|0.92462468|0.17357418|0.51748765|0.25864369|0.83752698|0.9408648|0.39982495|0.15178166|0.55260402|0.96961534|0.13002777|0.11609779|0.29383391|0.535815|0.0938728|0.42983842|0.64392245|0.80127203
Singapur|0.57293355|0.25312692|0.43284297|0.0|0.75530672|0.4627189|0.44607949|0.32822689|0.20341969|0.18928435|0.65968919|0.14495702|0.47470653|0.22225767|0.29452065|0.38334805|0.90362954|0.49242902|0.34355044|0.40118155|0.81976599|0.62627208|0.59736556|0.031048492|0.55934441|1.0|0.70457816|0.73957723|0.17032325|0.52976179|0.61276352|0.11450087|0.51396|0.12682357|0.087033935|0.10006855|0.235304|0.2824173|0.71771526|0.30984044|0.67740881|0.54270291|0.88146198
Somalia|0.69842118|0.20333134|0.85870051|0.38999319|0.40818587|0.76959836|0.71187812|0.25282025|0.9764514|0.12238482|0.37553471|0.28312641|0.23848656|0.32112426|0.59597969|0.3564384|0.61283308|0.33821833|0.1870192|0.15415539|0.62759304|0.54980314|0.75266254|0.0|0.90117729|0.72405767|0.26956394|0.53021371|0.30171549|0.6598345|0.79398102|0.64204335|0.10639682|0.48700333|0.81510848|0.078027695|0.043321077|0.1671069|0.45268708|0.022801019|0.22319335|1.0|0.56599605
Sri Lanka|0.61998999|0.34404045|0.65575141|0.57264984|0.21134335|0.53705949|0.36508116|0.12279533|0.76890308|0.32958767|0.38877863|0.0|0.46803212|0.26708215|0.18391392|0.48060548|0.58985364|0.14835989|0.041827247|0.31486621|0.63974994|0.49517417|0.81695646|0.088309832|0.66938233|1.0|0.1685632|0.80289137|0.22666322|0.5597949|0.92122662|0.2483896|0.10844032|0.40842342|0.60637814|0.19706956|0.30026633|0.70292932|0.84440827|0.014105131|0.72525823|0.86099684|0.44911858
Sudáfrica|0.74854976|0.21737313|0.64279342|0.76867163|0.32536933|0.85261214|0.6976794|0.65474308|0.24209321|0.16037507|0.38417429|0.30599594|0.4377979|0.28254652|0.4975068|0.42176208|0.46990249|0.092207134|0.10924251|0.53520072|0.5746659|0.36338964|0.95324421|0.0|0.19408703|0.82432997|0.020299617|0.34012294|0.2301667|0.52147633|0.5999068|0.27045968|0.051638119|1.0|0.6281985|0.39659858|0.064165957|0.45446667|0.61242461|0.14180653|0.80833006|0.7319808|0.25426111
Sudán|0.53832126|0.13235238|0.66743219|0.36662406|0.45550555|0.89673638|0.79573846|0.25085372|0.88370681|0.0|0.22301513|0.14574325|0.27917427|0.62747461|0.70743728|0.42011887|0.40143037|0.47521371|0.10313879|0.16761562|0.56326932|0.64630687|0.83848512|0.18181607|0.58680105|0.69455963|0.3514424|0.51955539|0.31954044|0.50476229|0.90983081|0.37856245|0.02924028|0.43996644|0.60746974|0.087979905|0.19755967|0.29724854|0.73489642|0.062467135|0.49213356|1.0|0.82406819
Suecia|0.28212819|0.74459869|0.56370699|0.10781148|0.42516947|0.76676476|0.90545654|0.068476751|0.042624224|0.29756755|0.62459552|0.22328541|0.40344363|0.50332129|0.65446061|0.36604869|0.61134356|0.18646988|0.34747916|0.32699573|0.69654369|0.53384143|0.67928433|0.26402205|0.58627099|1.0|0.090493575|0.54611057|0.5169695|0.79994094|0.82038128|0.38835722|0.20258373|0.70987785|0.12635335|0.0|0.24163471|0.055566847|0.46820208|0.15968627|0.48455974|0.78512454|0.64000839
Suiza|0.19623801|0.29307044|0.46755725|0.0|0.51566726|0.71150064|0.68278253|0.095429435|0.10837822|0.22977611|0.53375256|0.15598527|0.35644585|0.66018367|0.74292409|0.56155944|0.58363277|0.44171309|0.18252876|0.38327569|0.77767706|0.69557893|1.0|0.32287064|0.60064507|0.92689431|0.88397563|0.27445161|0.49494463|0.76309055|0.79279858|0.48089725|0.81644708|0.056857571|0.25778639|0.24391134|0.33805186|0.16801032|0.63334596|0.038825054|0.4084996|0.89814478|0.91042358
Surinam|0.38241041|0.31833744|0.79700041|0.57214177|0.24359259|0.60268283|0.83293939|0.4226135|0.56015176|0.0|0.6298002|0.1895943|0.30263299|0.17374711|0.34865043|0.45873815|0.64607823|0.15757595|0.39604485|0.53365505|0.76869595|0.74910355|0.58466554|0.21676713|0.50008893|0.71470487|0.080230281|0.67175865|0.33357021|0.61664796|1.0|0.20178521|0.063337266|0.472707|0.25772381|0.043991107|0.13194226|0.29029179|0.517546|0.10849804|0.6953454|0.48695102|0.72902775
Tailandia|0.21602242|0.66944945|0.71208876|0.5627234|0.5058924|0.41806018|0.62032294|0.0|0.17663716|0.16142553|0.26511502|0.052521572|0.38617975|0.18864|0.35838214|0.49064904|0.69988406|0.39895177|0.064482406|0.47460163|0.59818792|0.68366706|0.74920714|0.036093634|0.43074062|1.0|0.27830064|0.57961744|0.13363163|0.63568199|0.90763682|0.146824|0.2980383|0.07958217|0.44435275|0.11731509|0.25009522|0.53143907|0.78353572|0.22913834|0.83031201|0.46089435|0.323522
Taiwán|0.16095036|0.38067985|0.58661515|0.13527274|0.63049996|0.66457093|0.64542663|0.079798408|0.33287111|0.10231519|0.54823905|0.53486741|0.22794223|0.43597639|0.30595857|0.26170617|0.79775751|0.2794137|0.048987012|0.4506852|0.77977633|0.34804749|0.71249628|0.0|0.40915996|1.0|0.56611061|0.46580577|0.29315197|0.51838595|0.88426471|0.14809048|0.36396793|0.61190832|0.42206389|0.24198316|0.20728448|0.50475115|0.69883072|0.19038439|0.72666717|0.39534038|0.75906664
Tanzania|0.56551367|0.06520927|0.44807416|0.78476763|0.3059195|0.51335728|0.72650433|0.40758154|0.58303243|0.048201971|0.39466956|0.18221885|0.23335913|0.021040006|0.47160634|0.59919322|0.54746377|0.33508974|0.24640651|0.13357416|0.6858772|0.61353517|0.89015269|0.31820881|0.11935422|0.67374563|0.26138973|0.29112262|0.34983113|0.48844439|1.0|0.21289748|0.14856687|0.0|0.37420288|0.19773513|0.27454722|0.5279758|0.7967273|0.16049279|0.75241977|0.70082599|0.76443338
Tayikistán|0.83157241|0.31619012|0.79041111|0.65508622|0.44312632|0.62058902|0.27643004|0.89884377|1.0|0.85291231|0.5193125|0.20210062|0.75766307|0.1901129|0.26305568|0.29958498|0.57294005|0.053435557|0.67155677|0.45592928|0.41170371|0.48378968|0.36868125|0.63781404|0.22641331|0.24692644|0.14692093|0.42659128|0.1131462|0.59461355|0.34892836|0.73318624|0.1728262|0.097578257|0.55891001|0.085514605|0.15999444|0.39720389|0.4974966|0.1319319|0.54262269|0.0|0.70200175
Timor-Leste|0.64820969|0.4584257|0.97005111|0.16940248|0.50127006|0.7923395|0.67136657|0.75042641|0.44061527|0.10470064|0.85642058|0.12214068|0.21430057|0.25192833|0.4846518|0.32453513|0.71526146|0.18729664|0.39522719|0.54551315|0.36176333|0.57902783|0.47155598|0.0|0.514696|0.72861081|0.07893683|0.70292097|0.37926638|0.80524564|1.0|0.52953845|0.033655148|0.4233138|0.77397716|0.060625188|0.31084883|0.14280334|0.22809812|0.28711939|0.34948117|0.61587155|0.93030697
Togo|0.74156392|0.43733376|0.7134394|0.6036371|0.15061189|0.59078377|0.53265285|0.39246815|0.69509971|0.02707902|0.46829408|0.094866782|0.30578613|0.23475012|0.38046524|0.44958684|0.36586481|0.29247841|0.25661987|0.4044047|0.6315676|0.51269162|0.90011775|0.080481343|0.33183834|0.84884876|0.18949817|0.55720049|0.27427286|0.66457725|0.81075287|0.21936059|0.062645197|0.0|0.57765645|0.11081131|0.17713434|0.48940468|0.79756105|0.13551041|0.67692018|0.86688787|1.0
Tokelau|0.42907938|0.69804639|0.82661223|0.19275846|0.26863712|0.4121449|1.0|0.58715308|0.10634391|0.1477368|0.63203996|0.16624576|0.28137904|0.052496895|0.18043981|0.022114575|0.51530313|0.069413446|0.54691505|0.23440987|0.74249446|0.39665318|0.31295645|0.087366641|0.48328316|0.72990006|0.12490009|0.75785011|0.22199669|0.61443067|0.53147197|0.64953983|0.038761843|0.71734893|0.37958783|0.55950838|0.20966762|0.0|0.45389974|0.25112718|0.49824256|0.33076155|0.67699707
Tonga|0.27646571|0.60732698|0.9877069|0.37081999|0.35335457|0.66576886|0.4014563|0.73650318|0.48404634|0.21463627|0.77044153|0.54698372|0.41780567|0.0|0.29723179|0.38402021|0.75125086|0.16336288|0.62514949|0.3184773|0.58563924|0.49808216|0.56254697|0.045760129|0.52660102|1.0|0.06008856|0.88823992|0.26089483|0.8617847|0.69261801|0.81863236|0.23694229|0.78937757|0.14466971|0.83086061|0.11136299|0.43438819|0.46595865|0.17920835|0.19327331|0.33935571|0.70488369
Trinidad y Tobago|0.52192056|0.37927467|0.84063661|0.10929152|0.25966415|0.581177|0.68658864|0.65208352|0.85517514|0.094407015|0.55597377|0.39808756|0.19536376|0.052169692|0.34387794|0.48037153|0.88328171|0.15678203|0.31618714|0.23827416|0.60576677|0.82292724|1.0|0.21042243|0.61866581|0.7214734|0.32855719|0.70613229|0.36526021|0.76051104|0.98113|0.4251371|0.0|0.79053277|0.53813243|0.4526993|0.12737112|0.50708014|0.63550341|0.29529807|0.18024945|0.43735376|0.9219169
Turkmenistán|0.78355742|0.12222813|0.58196282|0.70235395|0.41452444|0.66964006|0.64928854|0.50257736|0.85034978|0.02274855|0.36467126|0.46722174|0.52079707|0.092220873|0.25311458|0.16329762|0.63674092|0.17990571|0.21182361|0.71945655|0.59458566|0.53935432|0.89251399|0.43043491|0.3935957|0.61384881|0.4518311|0.3781485|0.19708683|0.81780887|1.0|0.56858873|0.0|0.067298986|0.32460359|0.22884196|0.27113777|0.34917766|0.28990859|0.10505493|0.69018662|0.30717731|0.73656321
Turquía|0.49319962|0.04645972|0.53177154|0.57816112|0.24360877|0.32726496|0.88351691|0.13291512|0.28605759|0.35320428|0.301485|0.5623371|0.51915103|0.37300283|0.25733116|0.15893476|0.47817117|0.22292298|0.029584549|0.43667126|0.64041877|0.42102545|0.74543321|0.094125293|0.38921088|0.76243496|0.61698884|0.065369323|0.27103955|0.31358466|1.0|0.081493482|0.14628245|0.77440608|0.84049702|0.18615705|0.20870885|0.67694128|0.72188318|0.0|0.82448411|0.34120336|0.54453999
Tuvalu|0.18367839|0.13312045|0.71645135|0.26613837|0.28012973|0.46545437|0.61201|0.68509287|0.25299489|0.032527208|0.43802139|0.4231779|0.20313829|0.060311239|0.23580638|0.3473168|0.59678209|0.08859998|0.55627024|0.10674825|0.3892225|0.50269735|0.29948735|0.032527208|0.47945696|0.40140063|0.013368656|0.37586951|0.51611638|0.62491542|0.57618529|0.66662741|0.0|0.95335311|0.53232265|0.64149535|0.14643325|0.22326775|0.32783028|0.17127089|0.45213938|0.35930407|1.0
Túnez|0.36021417|0.3461045|0.5365696|0.21392366|0.39221698|0.88311124|0.42393067|0.17946142|0.64354992|0.47875339|0.07125891|0.24716729|0.19629902|0.52122712|0.45978767|0.50817144|0.57032752|0.69987518|0.095764592|0.4064272|0.73793077|0.84950888|0.7754432|0.11850287|0.26032078|0.90325439|0.32657722|0.44087356|0.22623314|0.72539026|0.98006058|0.31121951|0.015119219|0.55258942|1.0|0.1519808|0.28383225|0.67594326|0.83083153|0.0|0.60156399|0.86172307|0.62484473
Ucrania|0.21012595|0.64362282|0.57501757|0.81523943|0.35548982|0.85549021|0.68587935|0.17579469|0.0|0.40362555|0.55535322|0.055514351|0.53876358|0.24356979|0.49194551|0.099700153|0.69938564|0.38346177|0.19592422|0.51682931|0.65949559|0.46608117|0.91060758|0.13594179|0.59777963|0.98384392|0.29843765|0.33926648|0.44701421|0.71830159|0.89517629|0.27897644|0.22646776|0.11217475|0.32556203|0.082074784|0.41767025|0.47825384|0.73715669|0.15637317|0.6305362|0.79604518|1.0
Uganda|0.82662117|0.26568976|0.55514944|0.67780995|0.19831394|0.6518572|0.5969649|0.42942703|0.52882832|0.0|0.17421535|0.10045004|0.23218878|0.29592705|0.4902426|0.39640999|0.45818579|0.15357751|0.3268882|0.18616562|0.61719978|0.47296596|0.87685585|0.34054065|0.37582862|0.76610756|0.21762174|0.084346101|0.3115474|0.50987524|1.0|0.12001137|0.032382112|0.27943808|0.71702451|0.25184977|0.072176658|0.56920677|0.79138386|0.13729966|0.75014615|0.80975819|0.86007702
Uruguay|0.4531152|0.18292762|0.87593734|1.0|0.21426062|0.75515914|0.56665903|0.262878|0.40214628|0.44105244|0.38740736|0.64522016|0.42378506|0.073179044|0.53456008|0.47880316|0.61355209|0.33597317|0.29273647|0.27774456|0.69861281|0.50308627|0.94112003|0.12748517|0.55356008|0.84378493|0.31737667|0.1422458|0.51832855|0.66442603|0.90675128|0.17018706|0.097603872|0.0|0.22692984|0.15502805|0.24533698|0.36638868|0.62720084|0.77138853|0.59627229|0.71797395|0.79069942
Uzbekistán|0.62322247|0.15941499|0.6547417|0.42477286|0.22313136|0.56119406|0.81283098|0.35307705|0.58991247|0.36833698|0.17925189|0.49722958|0.41212052|0.0|0.13900487|0.12553686|0.46799555|0.072655514|0.10899497|0.2844837|0.51311719|0.43755794|0.77483344|0.33853385|0.25073197|0.74670631|0.26487985|0.31955713|0.29758173|0.727759|1.0|0.70882928|0.060586471|0.039239198|0.68848914|0.20031539|0.085351624|0.52520597|0.61060232|0.018630568|0.64246798|0.39391324|0.67628336
Vanuatu|0.36949268|0.47848475|1.0|0.17036289|0.49889916|0.8123796|0.75205505|0.94524693|0.52817798|0.0|0.76934487|0.15588599|0.22303954|0.056901656|0.61211705|0.27742916|0.6826129|0.26369503|0.83761275|0.30232185|0.63079834|0.39690566|0.54755533|0.027147712|0.45241874|0.66776717|0.10996336|0.5767206|0.34693328|0.72710603|0.89666581|0.65562332|0.01367315|0.78765333|0.59711611|0.19056556|0.12961075|0.31481701|0.43758601|0.20336488|0.42551076|0.56469405|0.40900958
Venezuela|0.77420318|0.16481966|1.0|0.21367025|0.39385027|0.83628213|0.75672287|0.29567307|0.88197672|0.0|0.420555|0.15137513|0.17975064|0.10051788|0.68910033|0.40752605|0.61797702|0.22564504|0.32588893|0.28306484|0.51087934|0.46977627|0.71323025|0.021774527|0.48171234|0.86436343|0.43708739|0.31353098|0.63797009|0.4979223|0.74433315|0.34839696|0.19207564|0.80251276|0.97398204|0.12225351|0.048315369|0.379861|0.53238595|0.24022418|0.2694723|0.67547047|0.58472979
Vietnam|0.39384842|0.4745996|0.69875729|0.52699763|0.27223092|0.65928096|0.64600652|0.30186725|0.4107345|0.03093132|0.15773015|0.59517944|0.11754702|0.10263684|0.28673923|0.17254579|0.42500359|0.49458194|0.062182777|0.076437309|0.51319981|0.44776827|0.76456118|0.14380407|0.5664525|1.0|0.2318518|0.34878865|0.21098042|0.55372715|0.88661158|0.32706115|0.0|0.38088852|0.78803211|0.36474127|0.18852042|0.63079262|0.86634773|0.31400692|0.75256491|0.72053021|0.46161667
Yemen|0.58958882|0.33451551|0.85699487|0.34829199|0.29419649|0.80229294|0.70816445|0.55342162|0.77064061|0.0|0.43695772|0.21017915|0.32118982|0.14122009|0.78820896|0.18680516|0.45266539|0.36788261|0.097990513|0.12324484|0.47714171|0.63718557|0.73546171|0.069277793|0.48959857|0.67462641|0.16619438|0.56814516|0.39866957|0.68719542|0.89892924|0.5142464|0.025711194|0.22718829|0.88661051|0.26587433|0.11100535|0.30922818|0.62128031|0.011959872|0.42371863|1.0|0.53336078
Zambia|0.72246504|0.5838775|0.39613077|0.91700244|0.095884919|0.57077897|0.69352788|0.51818275|0.0|0.029376123|0.31420869|0.15174383|0.4138228|0.080382228|0.36753154|0.53120768|0.45756239|0.16411698|0.11546677|0.32930961|0.75914633|0.63043094|1.0|0.24707982|0.23181373|0.73861325|0.17647852|0.430933|0.2842533|0.60258842|0.54646289|0.29996243|0.056859478|0.18969204|0.35247993|0.38310635|0.26803452|0.48765451|0.83254158|0.12876825|0.68041354|0.80987334|0.78684449
Zimbabue|0.78061271|0.16212192|0.52144188|1.0|0.3189933|0.5719735|0.87025309|0.34407681|0.19577043|0.020031612|0.29781979|0.18248758|0.146276|0.0|0.4949947|0.63023686|0.45452657|0.13262004|0.064966366|0.2581113|0.70668328|0.66646338|0.89608562|0.41259068|0.24197836|0.7423985|0.33195961|0.36140049|0.37701905|0.76814246|0.95940697|0.27029437|0.43279171|0.22795376|0.79603243|0.21314271|0.28383496|0.54988462|0.71861506|0.11762065|0.81942004|0.59170628|0.64456964
